0001_0029_0020_0062_0038.jpg 1 29 20 62 38
0002_0023_0045_0059_0037.jpg 1 23 45 59 37
0003_0016_0006_0062_0038.jpg 1 16 6 62 38
0004_0037_0058_0054_0034.jpg 1 37 58 54 34
0005_0024_0049_0062_0039.jpg 1 24 49 62 39
0006_0015_0035_0064_0040.jpg 1 15 35 64 40
0007_0028_0007_0063_0039.jpg 1 28 7 63 39
0008_0034_0053_0048_0030.jpg 1 34 53 48 30
0009_0029_0030_0061_0038.jpg 1 29 30 61 38
0010_0021_0034_0064_0040.jpg 1 21 34 64 40
0011_0015_0043_0055_0034.jpg 1 15 43 55 34
0012_0019_0044_0058_0036.jpg 1 19 44 58 36
0013_0037_0008_0053_0033.jpg 1 37 8 53 33
0014_0020_0022_0061_0038.jpg 1 20 22 61 38
0015_0033_0025_0050_0031.jpg 1 33 25 50 31
0016_0024_0020_0061_0038.jpg 1 24 20 61 38
0017_0021_0012_0054_0034.jpg 1 21 12 54 34
0018_0024_0020_0069_0043.jpg 1 24 20 69 43
0019_0026_0028_0056_0035.jpg 1 26 28 56 35
0020_0024_0048_0069_0043.jpg 1 24 48 69 43
0021_0009_0038_0054_0034.jpg 1 9 38 54 34
0022_0025_0040_0063_0039.jpg 1 25 40 63 39
0023_0029_0041_0064_0040.jpg 1 29 41 64 40
0024_0029_0037_0066_0041.jpg 1 29 37 66 41
0025_0037_0049_0056_0035.jpg 1 37 49 56 35
0026_0020_0042_0067_0042.jpg 1 20 42 67 42
0027_0036_0042_0048_0030.jpg 1 36 42 48 30
0028_0022_0031_0055_0034.jpg 1 22 31 55 34
0029_0013_0043_0054_0033.jpg 1 13 43 54 33
0030_0015_0029_0055_0034.jpg 1 15 29 55 34
0031_0014_0033_0065_0040.jpg 1 14 33 65 40
0032_0037_0051_0051_0032.jpg 1 37 51 51 32
0033_0020_0019_0062_0039.jpg 1 20 19 62 39
0034_0021_0006_0061_0038.jpg 1 21 6 61 38
0035_0031_0031_0057_0035.jpg 1 31 31 57 35
0036_0015_0014_0067_0042.jpg 1 15 14 67 42
0037_0016_0007_0053_0033.jpg 1 16 7 53 33
0038_0010_0043_0050_0031.jpg 1 10 43 50 31
0039_0011_0028_0058_0036.jpg 1 11 28 58 36
0040_0009_0035_0052_0032.jpg 1 9 35 52 32
0041_0024_0046_0052_0032.jpg 1 24 46 52 32
0042_0030_0047_0063_0039.jpg 1 30 47 63 39
0043_0035_0049_0054_0034.jpg 1 35 49 54 34
0044_0007_0015_0066_0041.jpg 1 7 15 66 41
0045_0027_0025_0067_0041.jpg 1 27 25 67 41
0046_0006_0043_0069_0043.jpg 1 6 43 69 43
0047_0011_0016_0064_0040.jpg 1 11 16 64 40
0048_0016_0038_0055_0034.jpg 1 16 38 55 34
0049_0017_0032_0069_0043.jpg 1 17 32 69 43
0050_0033_0042_0060_0037.jpg 1 33 42 60 37
0051_0013_0061_0050_0031.jpg 1 13 61 50 31
0052_0027_0018_0062_0038.jpg 1 27 18 62 38
0053_0016_0026_0050_0031.jpg 1 16 26 50 31
0054_0016_0021_0058_0036.jpg 1 16 21 58 36
0055_0009_0048_0066_0041.jpg 1 9 48 66 41
0056_0024_0022_0062_0038.jpg 1 24 22 62 38
0057_0011_0016_0062_0038.jpg 1 11 16 62 38
0058_0042_0027_0049_0030.jpg 1 42 27 49 30
0059_0032_0017_0058_0036.jpg 1 32 17 58 36
0060_0012_0014_0068_0042.jpg 1 12 14 68 42
0061_0037_0024_0053_0033.jpg 1 37 24 53 33
0062_0021_0038_0061_0038.jpg 1 21 38 61 38
0063_0008_0045_0069_0043.jpg 1 8 45 69 43
0064_0010_0032_0065_0040.jpg 1 10 32 65 40
0065_0007_0013_0068_0042.jpg 1 7 13 68 42
0066_0005_0038_0065_0040.jpg 1 5 38 65 40
0067_0011_0019_0068_0042.jpg 1 11 19 68 42
0068_0034_0019_0050_0031.jpg 1 34 19 50 31
0069_0008_0057_0055_0034.jpg 1 8 57 55 34
0070_0024_0034_0059_0037.jpg 1 24 34 59 37
0071_0020_0017_0065_0041.jpg 1 20 17 65 41
0072_0017_0046_0069_0043.jpg 1 17 46 69 43
0073_0024_0010_0063_0039.jpg 1 24 10 63 39
0074_0005_0036_0062_0038.jpg 1 5 36 62 38
0075_0017_0041_0055_0034.jpg 1 17 41 55 34
0076_0014_0012_0063_0039.jpg 1 14 12 63 39
0077_0021_0008_0057_0036.jpg 1 21 8 57 36
0078_0012_0021_0067_0042.jpg 1 12 21 67 42
0079_0019_0018_0050_0031.jpg 1 19 18 50 31
0080_0023_0030_0050_0031.jpg 1 23 30 50 31
0081_0021_0007_0056_0035.jpg 1 21 7 56 35
0082_0016_0021_0067_0042.jpg 1 16 21 67 42
0083_0024_0038_0060_0037.jpg 1 24 38 60 37
0084_0012_0037_0052_0032.jpg 1 12 37 52 32
0085_0042_0029_0053_0033.jpg 1 42 29 53 33
0086_0007_0029_0067_0042.jpg 1 7 29 67 42
0087_0023_0047_0048_0030.jpg 1 23 47 48 30
0088_0014_0040_0069_0043.jpg 1 14 40 69 43
0089_0033_0050_0048_0030.jpg 1 33 50 48 30
0090_0015_0050_0049_0031.jpg 1 15 50 49 31
0091_0020_0031_0068_0042.jpg 1 20 31 68 42
0092_0008_0032_0068_0042.jpg 1 8 32 68 42
0093_0022_0026_0068_0043.jpg 1 22 26 68 43
0094_0005_0009_0058_0036.jpg 1 5 9 58 36
0095_0026_0036_0068_0042.jpg 1 26 36 68 42
0096_0035_0029_0059_0037.jpg 1 35 29 59 37
0097_0021_0022_0061_0038.jpg 1 21 22 61 38
0098_0022_0016_0048_0030.jpg 1 22 16 48 30
0099_0014_0021_0053_0033.jpg 1 14 21 53 33
0100_0019_0010_0064_0040.jpg 1 19 10 64 40
0101_0031_0054_0062_0038.jpg 1 31 54 62 38
0102_0023_0023_0050_0031.jpg 1 23 23 50 31
0103_0029_0011_0054_0034.jpg 1 29 11 54 34
0104_0006_0026_0066_0041.jpg 1 6 26 66 41
0105_0023_0030_0059_0037.jpg 1 23 30 59 37
0106_0007_0019_0066_0041.jpg 1 7 19 66 41
0107_0017_0051_0069_0043.jpg 1 17 51 69 43
0108_0005_0028_0053_0033.jpg 1 5 28 53 33
0109_0029_0051_0065_0040.jpg 1 29 51 65 40
0110_0005_0053_0064_0040.jpg 1 5 53 64 40
0111_0009_0031_0049_0031.jpg 1 9 31 49 31
0112_0013_0033_0053_0033.jpg 1 13 33 53 33
0113_0017_0041_0055_0034.jpg 1 17 41 55 34
0114_0009_0009_0061_0038.jpg 1 9 9 61 38
0115_0010_0027_0058_0036.jpg 1 10 27 58 36
0116_0024_0013_0055_0034.jpg 1 24 13 55 34
0117_0017_0026_0058_0036.jpg 1 17 26 58 36
0118_0014_0014_0069_0043.jpg 1 14 14 69 43
0119_0013_0011_0065_0041.jpg 1 13 11 65 41
0120_0007_0017_0065_0040.jpg 1 7 17 65 40
0121_0012_0021_0059_0037.jpg 1 12 21 59 37
0122_0017_0012_0057_0035.jpg 1 17 12 57 35
0123_0032_0034_0055_0034.jpg 1 32 34 55 34
0124_0035_0030_0055_0034.jpg 1 35 30 55 34
0125_0021_0006_0053_0033.jpg 1 21 6 53 33
0126_0005_0047_0069_0043.jpg 1 5 47 69 43
0127_0020_0052_0058_0036.jpg 1 20 52 58 36
0128_0036_0034_0049_0030.jpg 1 36 34 49 30
