0001_0005_0044_0066_0041.jpg 1 5 44 66 41
0002_0022_0045_0066_0041.jpg 1 22 45 66 41
0003_0020_0045_0057_0036.jpg 1 20 45 57 36
0004_0015_0038_0068_0043.jpg 1 15 38 68 43
0005_0006_0040_0066_0041.jpg 1 6 40 66 41
0006_0011_0019_0048_0030.jpg 1 11 19 48 30
0007_0011_0017_0054_0034.jpg 1 11 17 54 34
0008_0011_0041_0049_0031.jpg 1 11 41 49 31
0009_0026_0012_0062_0039.jpg 1 26 12 62 39
0010_0022_0045_0054_0034.jpg 1 22 45 54 34
0011_0022_0011_0054_0034.jpg 1 22 11 54 34
0012_0012_0016_0068_0042.jpg 1 12 16 68 42
0013_0028_0054_0049_0030.jpg 1 28 54 49 30
0014_0020_0018_0055_0034.jpg 1 20 18 55 34
0015_0005_0042_0054_0033.jpg 1 5 42 54 33
0016_0013_0042_0062_0039.jpg 1 13 42 62 39
0017_0027_0035_0051_0032.jpg 1 27 35 51 32
0018_0020_0045_0068_0042.jpg 1 20 45 68 42
0019_0031_0031_0062_0039.jpg 1 31 31 62 39
0020_0042_0009_0052_0032.jpg 1 42 9 52 32
0021_0031_0052_0061_0038.jpg 1 31 52 61 38
0022_0008_0057_0051_0032.jpg 1 8 57 51 32
0023_0008_0022_0067_0041.jpg 1 8 22 67 41
0024_0017_0040_0059_0036.jpg 1 17 40 59 36
0025_0020_0007_0049_0030.jpg 1 20 7 49 30
0026_0008_0040_0056_0035.jpg 1 8 40 56 35
0027_0037_0029_0058_0036.jpg 1 37 29 58 36
0028_0017_0043_0065_0040.jpg 1 17 43 65 40
0029_0011_0011_0065_0040.jpg 1 11 11 65 40
0030_0024_0026_0068_0042.jpg 1 24 26 68 42
0031_0026_0056_0050_0031.jpg 1 26 56 50 31
0032_0031_0033_0060_0038.jpg 1 31 33 60 38
0033_0036_0049_0056_0035.jpg 1 36 49 56 35
0034_0009_0015_0051_0032.jpg 1 9 15 51 32
0035_0012_0057_0050_0031.jpg 1 12 57 50 31
0036_0027_0011_0056_0035.jpg 1 27 11 56 35
0037_0021_0014_0065_0040.jpg 1 21 14 65 40
0038_0008_0035_0050_0031.jpg 1 8 35 50 31
0039_0025_0048_0069_0043.jpg 1 25 48 69 43
0040_0018_0052_0056_0035.jpg 1 18 52 56 35
0041_0008_0035_0063_0039.jpg 1 8 35 63 39
0042_0018_0037_0056_0035.jpg 1 18 37 56 35
0043_0024_0029_0053_0033.jpg 1 24 29 53 33
0044_0014_0041_0068_0042.jpg 1 14 41 68 42
0045_0043_0020_0048_0030.jpg 1 43 20 48 30
0046_0027_0053_0059_0036.jpg 1 27 53 59 36
0047_0006_0006_0063_0039.jpg 1 6 6 63 39
0048_0021_0028_0059_0037.jpg 1 21 28 59 37
0049_0008_0024_0059_0037.jpg 1 8 24 59 37
0050_0004_0036_0060_0037.jpg 1 4 36 60 37
0051_0026_0009_0048_0030.jpg 1 26 9 48 30
0052_0038_0044_0050_0031.jpg 1 38 44 50 31
0053_0025_0007_0067_0042.jpg 1 25 7 67 42
0054_0022_0049_0061_0038.jpg 1 22 49 61 38
0055_0009_0015_0052_0032.jpg 1 9 15 52 32
0056_0021_0043_0063_0039.jpg 1 21 43 63 39
0057_0030_0061_0052_0032.jpg 1 30 61 52 32
0058_0025_0037_0062_0039.jpg 1 25 37 62 39
0059_0013_0059_0054_0034.jpg 1 13 59 54 34
0060_0029_0027_0050_0031.jpg 1 29 27 50 31
0061_0021_0029_0065_0040.jpg 1 21 29 65 40
0062_0012_0023_0055_0034.jpg 1 12 23 55 34
0063_0038_0041_0052_0032.jpg 1 38 41 52 32
0064_0030_0021_0056_0035.jpg 1 30 21 56 35
0065_0019_0024_0067_0042.jpg 1 19 24 67 42
0066_0035_0017_0060_0037.jpg 1 35 17 60 37
0067_0038_0025_0055_0034.jpg 1 38 25 55 34
0068_0007_0053_0058_0036.jpg 1 7 53 58 36
0069_0005_0025_0059_0037.jpg 1 5 25 59 37
0070_0010_0018_0068_0042.jpg 1 10 18 68 42
0071_0027_0023_0061_0038.jpg 1 27 23 61 38
0072_0039_0013_0048_0030.jpg 1 39 13 48 30
0073_0005_0035_0051_0031.jpg 1 5 35 51 31
0074_0032_0047_0049_0031.jpg 1 32 47 49 31
0075_0042_0028_0052_0033.jpg 1 42 28 52 33
0076_0015_0044_0068_0043.jpg 1 15 44 68 43
0077_0020_0014_0057_0035.jpg 1 20 14 57 35
0078_0028_0011_0059_0037.jpg 1 28 11 59 37
0079_0014_0051_0050_0031.jpg 1 14 51 50 31
0080_0030_0046_0063_0039.jpg 1 30 46 63 39
0081_0006_0010_0061_0038.jpg 1 6 10 61 38
0082_0039_0055_0048_0030.jpg 1 39 55 48 30
0083_0032_0024_0059_0037.jpg 1 32 24 59 37
0084_0027_0007_0061_0038.jpg 1 27 7 61 38
0085_0023_0013_0068_0042.jpg 1 23 13 68 42
0086_0014_0023_0052_0032.jpg 1 14 23 52 32
0087_0007_0032_0064_0040.jpg 1 7 32 64 40
0088_0025_0023_0062_0039.jpg 1 25 23 62 39
0089_0007_0015_0053_0033.jpg 1 7 15 53 33
0090_0021_0019_0053_0033.jpg 1 21 19 53 33
0091_0031_0057_0058_0036.jpg 1 31 57 58 36
0092_0007_0036_0069_0043.jpg 1 7 36 69 43
0093_0016_0047_0054_0034.jpg 1 16 47 54 34
0094_0019_0029_0052_0032.jpg 1 19 29 52 32
0095_0023_0021_0056_0035.jpg 1 23 21 56 35
0096_0032_0027_0060_0037.jpg 1 32 27 60 37
0097_0023_0042_0051_0031.jpg 1 23 42 51 31
0098_0023_0035_0067_0041.jpg 1 23 35 67 41
0099_0012_0016_0061_0038.jpg 1 12 16 61 38
0100_0014_0037_0069_0043.jpg 1 14 37 69 43
0101_0009_0039_0060_0037.jpg 1 9 39 60 37
0102_0025_0037_0060_0037.jpg 1 25 37 60 37
0103_0015_0032_0058_0036.jpg 1 15 32 58 36
0104_0021_0032_0055_0034.jpg 1 21 32 55 34
0105_0025_0040_0060_0037.jpg 1 25 40 60 37
0106_0027_0006_0052_0032.jpg 1 27 6 52 32
0107_0020_0033_0052_0032.jpg 1 20 33 52 32
0108_0014_0013_0060_0037.jpg 1 14 13 60 37
0109_0024_0046_0069_0043.jpg 1 24 46 69 43
0110_0010_0042_0061_0038.jpg 1 10 42 61 38
0111_0010_0008_0065_0040.jpg 1 10 8 65 40
0112_0024_0025_0062_0038.jpg 1 24 25 62 38
0113_0030_0016_0060_0037.jpg 1 30 16 60 37
0114_0027_0019_0060_0038.jpg 1 27 19 60 38
0115_0024_0038_0061_0038.jpg 1 24 38 61 38
0116_0006_0040_0063_0039.jpg 1 6 40 63 39
0117_0016_0007_0060_0037.jpg 1 16 7 60 37
0118_0023_0018_0058_0036.jpg 1 23 18 58 36
0119_0014_0043_0063_0039.jpg 1 14 43 63 39
0120_0022_0023_0066_0041.jpg 1 22 23 66 41
0121_0021_0052_0058_0036.jpg 1 21 52 58 36
0122_0006_0051_0056_0035.jpg 1 6 51 56 35
0123_0017_0024_0064_0040.jpg 1 17 24 64 40
0124_0009_0012_0052_0032.jpg 1 9 12 52 32
0125_0011_0052_0053_0033.jpg 1 11 52 53 33
0126_0014_0051_0067_0042.jpg 1 14 51 67 42
0127_0014_0036_0048_0030.jpg 1 14 36 48 30
0128_0025_0020_0062_0038.jpg 1 25 20 62 38
