0001_0018_0035_0064_0040.jpg 1 18 35 64 40
0002_0032_0007_0056_0035.jpg 1 32 7 56 35
0003_0019_0013_0059_0037.jpg 1 19 13 59 37
0004_0023_0041_0062_0039.jpg 1 23 41 62 39
0005_0004_0029_0057_0036.jpg 1 4 29 57 36
0006_0005_0020_0061_0038.jpg 1 5 20 61 38
0007_0033_0008_0062_0039.jpg 1 33 8 62 39
0008_0020_0046_0067_0042.jpg 1 20 46 67 42
0009_0026_0008_0055_0034.jpg 1 26 8 55 34
0010_0042_0031_0048_0030.jpg 1 42 31 48 30
0011_0017_0029_0052_0032.jpg 1 17 29 52 32
0012_0008_0029_0068_0042.jpg 1 8 29 68 42
0013_0021_0023_0068_0042.jpg 1 21 23 68 42
0014_0012_0049_0062_0038.jpg 1 12 49 62 38
0015_0041_0010_0050_0031.jpg 1 41 10 50 31
0016_0009_0021_0056_0035.jpg 1 9 21 56 35
0017_0016_0025_0058_0036.jpg 1 16 25 58 36
0018_0009_0041_0058_0036.jpg 1 9 41 58 36
0019_0016_0031_0063_0039.jpg 1 16 31 63 39
0020_0005_0045_0063_0039.jpg 1 5 45 63 39
0021_0040_0014_0053_0033.jpg 1 40 14 53 33
0022_0010_0047_0064_0040.jpg 1 10 47 64 40
0023_0026_0041_0062_0038.jpg 1 26 41 62 38
0024_0023_0030_0065_0040.jpg 1 23 30 65 40
0025_0037_0054_0050_0031.jpg 1 37 54 50 31
0026_0023_0008_0066_0041.jpg 1 23 8 66 41
0027_0024_0036_0069_0043.jpg 1 24 36 69 43
0028_0018_0036_0062_0039.jpg 1 18 36 62 39
0029_0028_0034_0051_0032.jpg 1 28 34 51 32
0030_0024_0014_0048_0030.jpg 1 24 14 48 30
0031_0018_0030_0067_0042.jpg 1 18 30 67 42
0032_0007_0032_0064_0040.jpg 1 7 32 64 40
0033_0034_0034_0050_0031.jpg 1 34 34 50 31
0034_0018_0030_0056_0035.jpg 1 18 30 56 35
0035_0041_0047_0053_0033.jpg 1 41 47 53 33
0036_0006_0040_0048_0030.jpg 1 6 40 48 30
0037_0009_0012_0056_0035.jpg 1 9 12 56 35
0038_0007_0051_0067_0042.jpg 1 7 51 67 42
0039_0020_0050_0056_0035.jpg 1 20 50 56 35
0040_0007_0013_0059_0037.jpg 1 7 13 59 37
0041_0015_0035_0069_0043.jpg 1 15 35 69 43
0042_0030_0027_0065_0040.jpg 1 30 27 65 40
0043_0023_0032_0069_0043.jpg 1 23 32 69 43
0044_0009_0017_0067_0042.jpg 1 9 17 67 42
0045_0003_0040_0068_0042.jpg 1 3 40 68 42
0046_0034_0022_0056_0035.jpg 1 34 22 56 35
0047_0016_0007_0056_0035.jpg 1 16 7 56 35
0048_0026_0037_0069_0043.jpg 1 26 37 69 43
0049_0013_0009_0064_0040.jpg 1 13 9 64 40
0050_0014_0036_0062_0039.jpg 1 14 36 62 39
0051_0022_0043_0051_0032.jpg 1 22 43 51 32
0052_0027_0038_0066_0041.jpg 1 27 38 66 41
0053_0028_0033_0054_0034.jpg 1 28 33 54 34
0054_0032_0059_0051_0032.jpg 1 32 59 51 32
0055_0014_0014_0059_0037.jpg 1 14 14 59 37
0056_0017_0007_0062_0038.jpg 1 17 7 62 38
0057_0004_0027_0065_0040.jpg 1 4 27 65 40
0058_0020_0008_0060_0037.jpg 1 20 8 60 37
0059_0035_0036_0052_0032.jpg 1 35 36 52 32
0060_0013_0025_0059_0037.jpg 1 13 25 59 37
0061_0036_0042_0050_0031.jpg 1 36 42 50 31
0062_0011_0028_0052_0032.jpg 1 11 28 52 32
0063_0038_0045_0052_0032.jpg 1 38 45 52 32
0064_0016_0017_0065_0040.jpg 1 16 17 65 40
0065_0015_0028_0068_0042.jpg 1 15 28 68 42
0066_0009_0007_0050_0031.jpg 1 9 7 50 31
0067_0012_0048_0067_0042.jpg 1 12 48 67 42
0068_0018_0012_0062_0039.jpg 1 18 12 62 39
0069_0027_0015_0068_0042.jpg 1 27 15 68 42
0070_0015_0028_0067_0042.jpg 1 15 28 67 42
0071_0019_0006_0066_0041.jpg 1 19 6 66 41
0072_0033_0032_0056_0035.jpg 1 33 32 56 35
0073_0039_0036_0054_0034.jpg 1 39 36 54 34
0074_0012_0013_0069_0043.jpg 1 12 13 69 43
0075_0029_0016_0057_0035.jpg 1 29 16 57 35
0076_0026_0017_0048_0030.jpg 1 26 17 48 30
0077_0007_0018_0049_0030.jpg 1 7 18 49 30
0078_0013_0022_0066_0041.jpg 1 13 22 66 41
0079_0040_0051_0050_0031.jpg 1 40 51 50 31
0080_0022_0009_0050_0031.jpg 1 22 9 50 31
0081_0004_0018_0063_0039.jpg 1 4 18 63 39
0082_0023_0011_0061_0038.jpg 1 23 11 61 38
0083_0026_0039_0053_0033.jpg 1 26 39 53 33
0084_0025_0022_0063_0039.jpg 1 25 22 63 39
0085_0008_0018_0050_0031.jpg 1 8 18 50 31
0086_0021_0044_0055_0034.jpg 1 21 44 55 34
0087_0025_0037_0052_0032.jpg 1 25 37 52 32
0088_0023_0039_0059_0037.jpg 1 23 39 59 37
0089_0014_0048_0067_0041.jpg 1 14 48 67 41
0090_0008_0027_0050_0031.jpg 1 8 27 50 31
0091_0015_0029_0067_0042.jpg 1 15 29 67 42
0092_0005_0046_0066_0041.jpg 1 5 46 66 41
0093_0030_0035_0058_0036.jpg 1 30 35 58 36
0094_0021_0007_0053_0033.jpg 1 21 7 53 33
0095_0036_0049_0057_0035.jpg 1 36 49 57 35
0096_0019_0027_0065_0041.jpg 1 19 27 65 41
0097_0025_0027_0060_0037.jpg 1 25 27 60 37
0098_0020_0051_0057_0035.jpg 1 20 51 57 35
0099_0009_0055_0050_0031.jpg 1 9 55 50 31
0100_0014_0045_0048_0030.jpg 1 14 45 48 30
0101_0024_0058_0055_0034.jpg 1 24 58 55 34
0102_0005_0046_0054_0033.jpg 1 5 46 54 33
0103_0023_0055_0061_0038.jpg 1 23 55 61 38
0104_0030_0032_0065_0040.jpg 1 30 32 65 40
0105_0021_0014_0069_0043.jpg 1 21 14 69 43
0106_0025_0024_0055_0034.jpg 1 25 24 55 34
0107_0022_0011_0063_0039.jpg 1 22 11 63 39
0108_0036_0019_0052_0033.jpg 1 36 19 52 33
0109_0017_0042_0067_0042.jpg 1 17 42 67 42
0110_0025_0024_0052_0032.jpg 1 25 24 52 32
0111_0043_0009_0048_0030.jpg 1 43 9 48 30
0112_0006_0021_0061_0038.jpg 1 6 21 61 38
0113_0026_0046_0068_0042.jpg 1 26 46 68 42
0114_0026_0017_0049_0030.jpg 1 26 17 49 30
0115_0018_0031_0061_0038.jpg 1 18 31 61 38
0116_0021_0009_0068_0043.jpg 1 21 9 68 43
0117_0026_0024_0059_0036.jpg 1 26 24 59 36
0118_0017_0024_0057_0035.jpg 1 17 24 57 35
0119_0028_0057_0058_0036.jpg 1 28 57 58 36
0120_0011_0016_0066_0041.jpg 1 11 16 66 41
0121_0008_0048_0059_0037.jpg 1 8 48 59 37
0122_0015_0014_0061_0038.jpg 1 15 14 61 38
0123_0008_0038_0062_0039.jpg 1 8 38 62 39
0124_0025_0035_0058_0036.jpg 1 25 35 58 36
0125_0018_0053_0048_0030.jpg 1 18 53 48 30
0126_0018_0033_0049_0031.jpg 1 18 33 49 31
0127_0028_0044_0064_0040.jpg 1 28 44 64 40
0128_0016_0020_0069_0043.jpg 1 16 20 69 43
0129_0017_0027_0058_0036.jpg 1 17 27 58 36
0130_0043_0038_0051_0032.jpg 1 43 38 51 32
0131_0009_0031_0065_0041.jpg 1 9 31 65 41
0132_0027_0033_0060_0038.jpg 1 27 33 60 38
0133_0003_0007_0066_0041.jpg 1 3 7 66 41
0134_0007_0030_0051_0032.jpg 1 7 30 51 32
0135_0009_0030_0060_0037.jpg 1 9 30 60 37
0136_0015_0028_0063_0039.jpg 1 15 28 63 39
0137_0029_0030_0057_0035.jpg 1 29 30 57 35
0138_0030_0033_0065_0040.jpg 1 30 33 65 40
0139_0022_0039_0056_0035.jpg 1 22 39 56 35
0140_0030_0037_0057_0035.jpg 1 30 37 57 35
0141_0028_0040_0063_0039.jpg 1 28 40 63 39
0142_0025_0019_0068_0043.jpg 1 25 19 68 43
0143_0023_0026_0061_0038.jpg 1 23 26 61 38
0144_0019_0041_0064_0040.jpg 1 19 41 64 40
0145_0010_0027_0049_0031.jpg 1 10 27 49 31
0146_0030_0008_0063_0039.jpg 1 30 8 63 39
0147_0034_0054_0048_0030.jpg 1 34 54 48 30
0148_0018_0011_0061_0038.jpg 1 18 11 61 38
0149_0044_0062_0049_0030.jpg 1 44 62 49 30
0150_0022_0034_0049_0030.jpg 1 22 34 49 30
0151_0028_0041_0049_0030.jpg 1 28 41 49 30
0152_0025_0032_0052_0032.jpg 1 25 32 52 32
0153_0027_0052_0064_0040.jpg 1 27 52 64 40
0154_0020_0018_0056_0035.jpg 1 20 18 56 35
0155_0032_0025_0058_0036.jpg 1 32 25 58 36
0156_0014_0058_0051_0032.jpg 1 14 58 51 32
0157_0044_0032_0049_0030.jpg 1 44 32 49 30
0158_0012_0037_0058_0036.jpg 1 12 37 58 36
0159_0024_0050_0054_0034.jpg 1 24 50 54 34
0160_0007_0041_0062_0039.jpg 1 7 41 62 39
0161_0023_0013_0069_0043.jpg 1 23 13 69 43
0162_0010_0014_0053_0033.jpg 1 10 14 53 33
0163_0009_0042_0065_0040.jpg 1 9 42 65 40
0164_0023_0043_0062_0038.jpg 1 23 43 62 38
0165_0034_0057_0052_0032.jpg 1 34 57 52 32
0166_0019_0013_0059_0037.jpg 1 19 13 59 37
0167_0025_0050_0056_0035.jpg 1 25 50 56 35
0168_0043_0047_0049_0030.jpg 1 43 47 49 30
0169_0027_0034_0069_0043.jpg 1 27 34 69 43
0170_0016_0011_0068_0043.jpg 1 16 11 68 43
0171_0010_0034_0062_0038.jpg 1 10 34 62 38
0172_0023_0010_0064_0040.jpg 1 23 10 64 40
0173_0010_0026_0048_0030.jpg 1 10 26 48 30
0174_0007_0043_0061_0038.jpg 1 7 43 61 38
0175_0020_0016_0054_0033.jpg 1 20 16 54 33
0176_0025_0036_0058_0036.jpg 1 25 36 58 36
0177_0013_0037_0054_0034.jpg 1 13 37 54 34
0178_0015_0010_0067_0042.jpg 1 15 10 67 42
0179_0006_0033_0060_0037.jpg 1 6 33 60 37
0180_0032_0043_0059_0037.jpg 1 32 43 59 37
0181_0022_0036_0053_0033.jpg 1 22 36 53 33
0182_0024_0045_0062_0038.jpg 1 24 45 62 38
0183_0011_0045_0054_0033.jpg 1 11 45 54 33
0184_0023_0016_0063_0039.jpg 1 23 16 63 39
0185_0006_0059_0053_0033.jpg 1 6 59 53 33
0186_0036_0045_0055_0034.jpg 1 36 45 55 34
0187_0003_0020_0061_0038.jpg 1 3 20 61 38
0188_0036_0028_0053_0033.jpg 1 36 28 53 33
0189_0009_0021_0065_0040.jpg 1 9 21 65 40
0190_0017_0013_0059_0037.jpg 1 17 13 59 37
0191_0005_0031_0069_0043.jpg 1 5 31 69 43
0192_0016_0029_0048_0030.jpg 1 16 29 48 30
0193_0026_0053_0058_0036.jpg 1 26 53 58 36
0194_0023_0020_0068_0043.jpg 1 23 20 68 43
0195_0020_0043_0048_0030.jpg 1 20 43 48 30
0196_0007_0051_0059_0037.jpg 1 7 51 59 37
0197_0022_0011_0063_0039.jpg 1 22 11 63 39
0198_0025_0051_0049_0031.jpg 1 25 51 49 31
0199_0005_0050_0060_0037.jpg 1 5 50 60 37
0200_0015_0042_0058_0036.jpg 1 15 42 58 36
0201_0022_0026_0054_0034.jpg 1 22 26 54 34
0202_0017_0044_0059_0036.jpg 1 17 44 59 36
0203_0009_0022_0069_0043.jpg 1 9 22 69 43
0204_0033_0056_0057_0036.jpg 1 33 56 57 36
0205_0014_0042_0063_0039.jpg 1 14 42 63 39
0206_0016_0050_0059_0037.jpg 1 16 50 59 37
0207_0025_0009_0054_0033.jpg 1 25 9 54 33
0208_0022_0024_0063_0039.jpg 1 22 24 63 39
0209_0006_0038_0055_0034.jpg 1 6 38 55 34
0210_0013_0053_0063_0039.jpg 1 13 53 63 39
0211_0033_0024_0062_0039.jpg 1 33 24 62 39
0212_0020_0015_0050_0031.jpg 1 20 15 50 31
0213_0041_0047_0050_0031.jpg 1 41 47 50 31
0214_0018_0056_0060_0037.jpg 1 18 56 60 37
0215_0016_0007_0066_0041.jpg 1 16 7 66 41
0216_0021_0013_0064_0040.jpg 1 21 13 64 40
0217_0023_0029_0058_0036.jpg 1 23 29 58 36
0218_0029_0031_0066_0041.jpg 1 29 31 66 41
0219_0035_0033_0058_0036.jpg 1 35 33 58 36
0220_0023_0014_0064_0040.jpg 1 23 14 64 40
0221_0007_0049_0059_0037.jpg 1 7 49 59 37
0222_0020_0045_0058_0036.jpg 1 20 45 58 36
0223_0010_0029_0051_0032.jpg 1 10 29 51 32
0224_0017_0032_0058_0036.jpg 1 17 32 58 36
0225_0035_0038_0057_0035.jpg 1 35 38 57 35
0226_0032_0042_0062_0039.jpg 1 32 42 62 39
0227_0018_0053_0055_0034.jpg 1 18 53 55 34
0228_0041_0030_0053_0033.jpg 1 41 30 53 33
0229_0013_0053_0063_0039.jpg 1 13 53 63 39
0230_0018_0030_0066_0041.jpg 1 18 30 66 41
0231_0019_0034_0051_0032.jpg 1 19 34 51 32
0232_0023_0032_0055_0034.jpg 1 23 32 55 34
0233_0038_0056_0052_0033.jpg 1 38 56 52 33
0234_0014_0029_0069_0043.jpg 1 14 29 69 43
0235_0023_0051_0062_0038.jpg 1 23 51 62 38
0236_0010_0021_0059_0037.jpg 1 10 21 59 37
0237_0020_0035_0049_0030.jpg 1 20 35 49 30
0238_0005_0015_0067_0041.jpg 1 5 15 67 41
0239_0009_0052_0059_0037.jpg 1 9 52 59 37
0240_0044_0006_0049_0031.jpg 1 44 6 49 31
0241_0004_0050_0064_0040.jpg 1 4 50 64 40
0242_0018_0052_0050_0031.jpg 1 18 52 50 31
0243_0015_0027_0056_0035.jpg 1 15 27 56 35
0244_0024_0019_0058_0036.jpg 1 24 19 58 36
0245_0038_0055_0051_0032.jpg 1 38 55 51 32
0246_0020_0023_0063_0039.jpg 1 20 23 63 39
0247_0020_0029_0069_0043.jpg 1 20 29 69 43
0248_0024_0047_0056_0035.jpg 1 24 47 56 35
0249_0007_0056_0056_0035.jpg 1 7 56 56 35
0250_0023_0017_0062_0039.jpg 1 23 17 62 39
0251_0043_0034_0050_0031.jpg 1 43 34 50 31
0252_0044_0045_0049_0031.jpg 1 44 45 49 31
0253_0013_0049_0057_0036.jpg 1 13 49 57 36
0254_0010_0039_0057_0035.jpg 1 10 39 57 35
0255_0037_0032_0057_0035.jpg 1 37 32 57 35
0256_0024_0044_0057_0035.jpg 1 24 44 57 35
