0001_0019_0042_0069_0043.jpg 1 19 42 69 43
0002_0004_0035_0060_0037.jpg 1 4 35 60 37
0003_0026_0037_0049_0030.jpg 1 26 37 49 30
0004_0011_0037_0064_0040.jpg 1 11 37 64 40
0005_0020_0011_0067_0042.jpg 1 20 11 67 42
0006_0014_0045_0061_0038.jpg 1 14 45 61 38
0007_0019_0053_0065_0040.jpg 1 19 53 65 40
0008_0018_0035_0053_0033.jpg 1 18 35 53 33
0009_0015_0029_0060_0037.jpg 1 15 29 60 37
0010_0018_0022_0055_0034.jpg 1 18 22 55 34
0011_0013_0033_0058_0036.jpg 1 13 33 58 36
0012_0004_0038_0064_0040.jpg 1 4 38 64 40
0013_0005_0022_0061_0038.jpg 1 5 22 61 38
0014_0019_0016_0058_0036.jpg 1 19 16 58 36
0015_0032_0029_0062_0039.jpg 1 32 29 62 39
0016_0026_0031_0063_0039.jpg 1 26 31 63 39
0017_0010_0041_0056_0035.jpg 1 10 41 56 35
0018_0031_0023_0064_0040.jpg 1 31 23 64 40
0019_0005_0030_0069_0043.jpg 1 5 30 69 43
0020_0017_0046_0062_0038.jpg 1 17 46 62 38
0021_0039_0027_0053_0033.jpg 1 39 27 53 33
0022_0015_0030_0057_0035.jpg 1 15 30 57 35
0023_0019_0010_0062_0038.jpg 1 19 10 62 38
0024_0037_0062_0048_0030.jpg 1 37 62 48 30
0025_0032_0023_0048_0030.jpg 1 32 23 48 30
0026_0020_0044_0059_0037.jpg 1 20 44 59 37
0027_0024_0009_0048_0030.jpg 1 24 9 48 30
0028_0025_0028_0048_0030.jpg 1 25 28 48 30
0029_0023_0011_0066_0041.jpg 1 23 11 66 41
0030_0018_0037_0054_0034.jpg 1 18 37 54 34
0031_0017_0050_0054_0033.jpg 1 17 50 54 33
0032_0022_0032_0066_0041.jpg 1 22 32 66 41
0033_0016_0007_0051_0032.jpg 1 16 7 51 32
0034_0016_0007_0068_0043.jpg 1 16 7 68 43
0035_0018_0022_0066_0041.jpg 1 18 22 66 41
0036_0040_0039_0048_0030.jpg 1 40 39 48 30
0037_0028_0034_0068_0042.jpg 1 28 34 68 42
0038_0031_0016_0060_0037.jpg 1 31 16 60 37
0039_0014_0027_0068_0042.jpg 1 14 27 68 42
0040_0019_0050_0060_0037.jpg 1 19 50 60 37
0041_0019_0019_0069_0043.jpg 1 19 19 69 43
0042_0031_0015_0057_0036.jpg 1 31 15 57 36
0043_0007_0052_0067_0042.jpg 1 7 52 67 42
0044_0003_0046_0065_0041.jpg 1 3 46 65 41
0045_0021_0039_0062_0039.jpg 1 21 39 62 39
0046_0005_0041_0064_0040.jpg 1 5 41 64 40
0047_0017_0021_0050_0031.jpg 1 17 21 50 31
0048_0005_0027_0069_0043.jpg 1 5 27 69 43
0049_0019_0007_0061_0038.jpg 1 19 7 61 38
0050_0009_0045_0056_0035.jpg 1 9 45 56 35
0051_0019_0013_0058_0036.jpg 1 19 13 58 36
0052_0027_0026_0069_0043.jpg 1 27 26 69 43
0053_0008_0049_0064_0040.jpg 1 8 49 64 40
0054_0021_0009_0065_0040.jpg 1 21 9 65 40
0055_0016_0029_0058_0036.jpg 1 16 29 58 36
0056_0012_0053_0054_0034.jpg 1 12 53 54 34
0057_0004_0032_0058_0036.jpg 1 4 32 58 36
0058_0027_0035_0065_0040.jpg 1 27 35 65 40
0059_0008_0051_0067_0042.jpg 1 8 51 67 42
0060_0023_0021_0065_0041.jpg 1 23 21 65 41
0061_0021_0013_0068_0042.jpg 1 21 13 68 42
0062_0027_0026_0067_0042.jpg 1 27 26 67 42
0063_0022_0009_0062_0038.jpg 1 22 9 62 38
0064_0015_0011_0066_0041.jpg 1 15 11 66 41
0065_0018_0025_0062_0039.jpg 1 18 25 62 39
0066_0019_0054_0063_0039.jpg 1 19 54 63 39
0067_0021_0036_0049_0030.jpg 1 21 36 49 30
0068_0015_0014_0069_0043.jpg 1 15 14 69 43
0069_0007_0046_0050_0031.jpg 1 7 46 50 31
0070_0022_0009_0061_0038.jpg 1 22 9 61 38
0071_0021_0019_0065_0040.jpg 1 21 19 65 40
0072_0035_0039_0055_0034.jpg 1 35 39 55 34
0073_0014_0018_0053_0033.jpg 1 14 18 53 33
0074_0034_0027_0057_0036.jpg 1 34 27 57 36
0075_0019_0055_0050_0031.jpg 1 19 55 50 31
0076_0009_0015_0064_0040.jpg 1 9 15 64 40
0077_0020_0021_0048_0030.jpg 1 20 21 48 30
0078_0024_0012_0050_0031.jpg 1 24 12 50 31
0079_0009_0028_0065_0041.jpg 1 9 28 65 41
0080_0017_0008_0057_0035.jpg 1 17 8 57 35
0081_0010_0026_0061_0038.jpg 1 10 26 61 38
0082_0007_0007_0050_0031.jpg 1 7 7 50 31
0083_0026_0038_0050_0031.jpg 1 26 38 50 31
0084_0006_0047_0066_0041.jpg 1 6 47 66 41
0085_0025_0039_0061_0038.jpg 1 25 39 61 38
0086_0012_0027_0054_0034.jpg 1 12 27 54 34
0087_0014_0031_0063_0039.jpg 1 14 31 63 39
0088_0028_0019_0060_0037.jpg 1 28 19 60 37
0089_0018_0026_0052_0032.jpg 1 18 26 52 32
0090_0036_0046_0058_0036.jpg 1 36 46 58 36
0091_0004_0032_0053_0033.jpg 1 4 32 53 33
0092_0017_0046_0053_0033.jpg 1 17 46 53 33
0093_0024_0056_0059_0036.jpg 1 24 56 59 36
0094_0006_0053_0048_0030.jpg 1 6 53 48 30
0095_0026_0022_0050_0031.jpg 1 26 22 50 31
0096_0003_0036_0064_0040.jpg 1 3 36 64 40
0097_0021_0021_0064_0040.jpg 1 21 21 64 40
0098_0030_0007_0049_0031.jpg 1 30 7 49 31
0099_0011_0015_0061_0038.jpg 1 11 15 61 38
0100_0030_0029_0064_0040.jpg 1 30 29 64 40
0101_0027_0023_0055_0034.jpg 1 27 23 55 34
0102_0018_0009_0059_0036.jpg 1 18 9 59 36
0103_0026_0029_0060_0037.jpg 1 26 29 60 37
0104_0015_0040_0059_0037.jpg 1 15 40 59 37
0105_0006_0040_0067_0042.jpg 1 6 40 67 42
0106_0016_0025_0060_0038.jpg 1 16 25 60 38
0107_0008_0019_0055_0034.jpg 1 8 19 55 34
0108_0018_0043_0069_0043.jpg 1 18 43 69 43
0109_0015_0028_0067_0041.jpg 1 15 28 67 41
0110_0007_0049_0066_0041.jpg 1 7 49 66 41
0111_0007_0041_0065_0040.jpg 1 7 41 65 40
0112_0028_0039_0067_0042.jpg 1 28 39 67 42
0113_0014_0013_0052_0032.jpg 1 14 13 52 32
0114_0031_0044_0052_0032.jpg 1 31 44 52 32
0115_0005_0039_0060_0037.jpg 1 5 39 60 37
0116_0039_0049_0053_0033.jpg 1 39 49 53 33
0117_0008_0012_0061_0038.jpg 1 8 12 61 38
0118_0009_0050_0069_0043.jpg 1 9 50 69 43
0119_0017_0008_0053_0033.jpg 1 17 8 53 33
0120_0011_0043_0066_0041.jpg 1 11 43 66 41
0121_0006_0035_0068_0042.jpg 1 6 35 68 42
0122_0027_0017_0060_0037.jpg 1 27 17 60 37
0123_0039_0045_0056_0035.jpg 1 39 45 56 35
0124_0012_0046_0060_0038.jpg 1 12 46 60 38
0125_0029_0049_0065_0041.jpg 1 29 49 65 41
0126_0021_0036_0051_0032.jpg 1 21 36 51 32
0127_0025_0043_0062_0038.jpg 1 25 43 62 38
0128_0031_0018_0049_0030.jpg 1 31 18 49 30
0129_0019_0045_0068_0042.jpg 1 19 45 68 42
0130_0013_0016_0055_0034.jpg 1 13 16 55 34
0131_0029_0041_0049_0030.jpg 1 29 41 49 30
0132_0020_0050_0056_0035.jpg 1 20 50 56 35
0133_0026_0040_0060_0037.jpg 1 26 40 60 37
0134_0024_0023_0049_0031.jpg 1 24 23 49 31
0135_0007_0040_0067_0042.jpg 1 7 40 67 42
0136_0006_0024_0061_0038.jpg 1 6 24 61 38
0137_0030_0031_0062_0038.jpg 1 30 31 62 38
0138_0027_0046_0057_0035.jpg 1 27 46 57 35
0139_0021_0007_0056_0035.jpg 1 21 7 56 35
0140_0017_0010_0060_0038.jpg 1 17 10 60 38
0141_0024_0034_0064_0040.jpg 1 24 34 64 40
0142_0021_0013_0061_0038.jpg 1 21 13 61 38
0143_0014_0026_0049_0031.jpg 1 14 26 49 31
0144_0006_0038_0066_0041.jpg 1 6 38 66 41
0145_0031_0043_0060_0038.jpg 1 31 43 60 38
0146_0015_0041_0056_0035.jpg 1 15 41 56 35
0147_0026_0021_0059_0037.jpg 1 26 21 59 37
0148_0011_0011_0048_0030.jpg 1 11 11 48 30
0149_0032_0052_0059_0036.jpg 1 32 52 59 36
0150_0008_0054_0052_0032.jpg 1 8 54 52 32
0151_0008_0057_0050_0031.jpg 1 8 57 50 31
0152_0024_0009_0048_0030.jpg 1 24 9 48 30
0153_0006_0006_0060_0037.jpg 1 6 6 60 37
0154_0035_0054_0050_0031.jpg 1 35 54 50 31
0155_0024_0018_0054_0034.jpg 1 24 18 54 34
0156_0019_0049_0068_0043.jpg 1 19 49 68 43
0157_0029_0041_0066_0041.jpg 1 29 41 66 41
0158_0017_0014_0064_0040.jpg 1 17 14 64 40
0159_0037_0049_0050_0031.jpg 1 37 49 50 31
0160_0007_0017_0065_0040.jpg 1 7 17 65 40
0161_0029_0041_0061_0038.jpg 1 29 41 61 38
0162_0028_0054_0050_0031.jpg 1 28 54 50 31
0163_0010_0006_0067_0041.jpg 1 10 6 67 41
0164_0024_0045_0050_0031.jpg 1 24 45 50 31
0165_0011_0007_0059_0037.jpg 1 11 7 59 37
0166_0028_0056_0052_0032.jpg 1 28 56 52 32
0167_0039_0023_0050_0031.jpg 1 39 23 50 31
0168_0011_0006_0068_0042.jpg 1 11 6 68 42
0169_0023_0025_0053_0033.jpg 1 23 25 53 33
0170_0024_0011_0068_0042.jpg 1 24 11 68 42
0171_0018_0022_0067_0042.jpg 1 18 22 67 42
0172_0010_0038_0068_0042.jpg 1 10 38 68 42
0173_0030_0025_0061_0038.jpg 1 30 25 61 38
0174_0027_0033_0049_0030.jpg 1 27 33 49 30
0175_0004_0036_0069_0043.jpg 1 4 36 69 43
0176_0028_0029_0063_0039.jpg 1 28 29 63 39
0177_0029_0048_0055_0034.jpg 1 29 48 55 34
0178_0023_0038_0051_0032.jpg 1 23 38 51 32
0179_0036_0024_0054_0034.jpg 1 36 24 54 34
0180_0024_0039_0065_0041.jpg 1 24 39 65 41
0181_0017_0013_0053_0033.jpg 1 17 13 53 33
0182_0033_0030_0057_0035.jpg 1 33 30 57 35
0183_0009_0026_0069_0043.jpg 1 9 26 69 43
0184_0008_0023_0059_0037.jpg 1 8 23 59 37
0185_0017_0011_0048_0030.jpg 1 17 11 48 30
0186_0024_0031_0065_0041.jpg 1 24 31 65 41
0187_0009_0032_0053_0033.jpg 1 9 32 53 33
0188_0030_0015_0057_0036.jpg 1 30 15 57 36
0189_0011_0010_0061_0038.jpg 1 11 10 61 38
0190_0028_0028_0061_0038.jpg 1 28 28 61 38
0191_0003_0055_0062_0038.jpg 1 3 55 62 38
0192_0022_0040_0053_0033.jpg 1 22 40 53 33
0193_0011_0022_0059_0036.jpg 1 11 22 59 36
0194_0032_0039_0056_0035.jpg 1 32 39 56 35
0195_0016_0038_0055_0034.jpg 1 16 38 55 34
0196_0018_0009_0061_0038.jpg 1 18 9 61 38
0197_0008_0034_0057_0035.jpg 1 8 34 57 35
0198_0018_0047_0067_0041.jpg 1 18 47 67 41
0199_0021_0050_0065_0041.jpg 1 21 50 65 41
0200_0015_0020_0067_0042.jpg 1 15 20 67 42
0201_0003_0026_0064_0040.jpg 1 3 26 64 40
0202_0015_0051_0063_0039.jpg 1 15 51 63 39
0203_0035_0052_0053_0033.jpg 1 35 52 53 33
0204_0019_0035_0062_0039.jpg 1 19 35 62 39
0205_0020_0018_0057_0036.jpg 1 20 18 57 36
0206_0007_0031_0050_0031.jpg 1 7 31 50 31
0207_0029_0011_0063_0039.jpg 1 29 11 63 39
0208_0036_0032_0050_0031.jpg 1 36 32 50 31
0209_0015_0034_0061_0038.jpg 1 15 34 61 38
0210_0006_0037_0051_0032.jpg 1 6 37 51 32
0211_0011_0037_0069_0043.jpg 1 11 37 69 43
0212_0039_0022_0050_0031.jpg 1 39 22 50 31
0213_0009_0020_0052_0032.jpg 1 9 20 52 32
0214_0017_0022_0060_0037.jpg 1 17 22 60 37
0215_0007_0020_0060_0037.jpg 1 7 20 60 37
0216_0025_0011_0048_0030.jpg 1 25 11 48 30
0217_0022_0021_0069_0043.jpg 1 22 21 69 43
0218_0031_0030_0054_0034.jpg 1 31 30 54 34
0219_0021_0025_0068_0043.jpg 1 21 25 68 43
0220_0013_0042_0066_0041.jpg 1 13 42 66 41
0221_0004_0034_0061_0038.jpg 1 4 34 61 38
0222_0035_0038_0051_0031.jpg 1 35 38 51 31
0223_0020_0043_0068_0042.jpg 1 20 43 68 42
0224_0025_0043_0058_0036.jpg 1 25 43 58 36
0225_0029_0049_0059_0036.jpg 1 29 49 59 36
0226_0017_0015_0066_0041.jpg 1 17 15 66 41
0227_0017_0026_0065_0041.jpg 1 17 26 65 41
0228_0015_0059_0049_0031.jpg 1 15 59 49 31
0229_0032_0047_0062_0038.jpg 1 32 47 62 38
0230_0006_0028_0062_0039.jpg 1 6 28 62 39
0231_0013_0046_0058_0036.jpg 1 13 46 58 36
0232_0027_0046_0063_0039.jpg 1 27 46 63 39
0233_0022_0044_0068_0042.jpg 1 22 44 68 42
0234_0009_0021_0058_0036.jpg 1 9 21 58 36
0235_0018_0007_0049_0031.jpg 1 18 7 49 31
0236_0016_0041_0062_0038.jpg 1 16 41 62 38
0237_0008_0011_0049_0030.jpg 1 8 11 49 30
0238_0014_0048_0064_0040.jpg 1 14 48 64 40
0239_0010_0035_0059_0037.jpg 1 10 35 59 37
0240_0016_0058_0048_0030.jpg 1 16 58 48 30
0241_0020_0038_0066_0041.jpg 1 20 38 66 41
0242_0024_0042_0054_0033.jpg 1 24 42 54 33
0243_0026_0042_0059_0037.jpg 1 26 42 59 37
0244_0045_0042_0049_0030.jpg 1 45 42 49 30
0245_0010_0013_0058_0036.jpg 1 10 13 58 36
0246_0010_0013_0064_0040.jpg 1 10 13 64 40
0247_0025_0051_0057_0036.jpg 1 25 51 57 36
0248_0016_0019_0062_0038.jpg 1 16 19 62 38
0249_0009_0046_0055_0034.jpg 1 9 46 55 34
0250_0019_0007_0057_0036.jpg 1 19 7 57 36
0251_0021_0053_0056_0035.jpg 1 21 53 56 35
0252_0011_0050_0066_0041.jpg 1 11 50 66 41
0253_0023_0009_0056_0035.jpg 1 23 9 56 35
0254_0031_0013_0053_0033.jpg 1 31 13 53 33
0255_0029_0025_0060_0037.jpg 1 29 25 60 37
0256_0016_0018_0060_0037.jpg 1 16 18 60 37
