0001_0011_0036_0063_0039.jpg 1 11 36 63 39
0002_0008_0016_0063_0039.jpg 1 8 16 63 39
0003_0029_0033_0050_0031.jpg 1 29 33 50 31
0004_0011_0016_0049_0030.jpg 1 11 16 49 30
0005_0017_0008_0069_0043.jpg 1 17 8 69 43
0006_0037_0034_0051_0032.jpg 1 37 34 51 32
0007_0019_0033_0053_0033.jpg 1 19 33 53 33
0008_0026_0020_0067_0041.jpg 1 26 20 67 41
0009_0010_0009_0050_0031.jpg 1 10 9 50 31
0010_0007_0033_0065_0040.jpg 1 7 33 65 40
0011_0028_0054_0049_0030.jpg 1 28 54 49 30
0012_0016_0030_0052_0032.jpg 1 16 30 52 32
0013_0005_0015_0056_0035.jpg 1 5 15 56 35
0014_0014_0045_0054_0033.jpg 1 14 45 54 33
0015_0011_0007_0054_0034.jpg 1 11 7 54 34
0016_0009_0032_0061_0038.jpg 1 9 32 61 38
0017_0022_0014_0059_0037.jpg 1 22 14 59 37
0018_0016_0024_0068_0043.jpg 1 16 24 68 43
0019_0004_0008_0063_0039.jpg 1 4 8 63 39
0020_0022_0048_0058_0036.jpg 1 22 48 58 36
0021_0006_0042_0059_0036.jpg 1 6 42 59 36
0022_0013_0051_0058_0036.jpg 1 13 51 58 36
0023_0011_0042_0062_0039.jpg 1 11 42 62 39
0024_0010_0025_0057_0036.jpg 1 10 25 57 36
0025_0024_0016_0054_0034.jpg 1 24 16 54 34
0026_0009_0060_0050_0031.jpg 1 9 60 50 31
0027_0005_0024_0069_0043.jpg 1 5 24 69 43
0028_0026_0018_0063_0039.jpg 1 26 18 63 39
0029_0006_0040_0055_0034.jpg 1 6 40 55 34
0030_0023_0040_0069_0043.jpg 1 23 40 69 43
0031_0027_0043_0056_0035.jpg 1 27 43 56 35
0032_0027_0033_0064_0040.jpg 1 27 33 64 40
0033_0006_0024_0068_0042.jpg 1 6 24 68 42
0034_0017_0042_0060_0037.jpg 1 17 42 60 37
0035_0028_0051_0055_0034.jpg 1 28 51 55 34
0036_0008_0016_0055_0034.jpg 1 8 16 55 34
0037_0031_0054_0052_0032.jpg 1 31 54 52 32
0038_0036_0050_0052_0032.jpg 1 36 50 52 32
0039_0015_0011_0065_0040.jpg 1 15 11 65 40
0040_0008_0020_0057_0035.jpg 1 8 20 57 35
0041_0037_0009_0053_0033.jpg 1 37 9 53 33
0042_0022_0022_0053_0033.jpg 1 22 22 53 33
0043_0025_0051_0065_0040.jpg 1 25 51 65 40
0044_0036_0037_0052_0032.jpg 1 36 37 52 32
0045_0004_0030_0062_0038.jpg 1 4 30 62 38
0046_0036_0054_0053_0033.jpg 1 36 54 53 33
0047_0005_0049_0057_0036.jpg 1 5 49 57 36
0048_0024_0056_0055_0034.jpg 1 24 56 55 34
0049_0039_0020_0048_0030.jpg 1 39 20 48 30
0050_0020_0043_0064_0040.jpg 1 20 43 64 40
0051_0004_0037_0053_0033.jpg 1 4 37 53 33
0052_0030_0016_0050_0031.jpg 1 30 16 50 31
0053_0005_0044_0059_0037.jpg 1 5 44 59 37
0054_0015_0016_0061_0038.jpg 1 15 16 61 38
0055_0022_0050_0065_0041.jpg 1 22 50 65 41
0056_0008_0028_0058_0036.jpg 1 8 28 58 36
0057_0023_0022_0059_0037.jpg 1 23 22 59 37
0058_0013_0010_0049_0030.jpg 1 13 10 49 30
0059_0031_0037_0059_0037.jpg 1 31 37 59 37
0060_0017_0056_0051_0032.jpg 1 17 56 51 32
0061_0029_0024_0050_0031.jpg 1 29 24 50 31
0062_0018_0054_0051_0032.jpg 1 18 54 51 32
0063_0033_0028_0049_0030.jpg 1 33 28 49 30
0064_0014_0020_0054_0033.jpg 1 14 20 54 33
0065_0026_0017_0069_0043.jpg 1 26 17 69 43
0066_0016_0027_0056_0035.jpg 1 16 27 56 35
0067_0008_0006_0062_0039.jpg 1 8 6 62 39
0068_0016_0023_0060_0037.jpg 1 16 23 60 37
0069_0027_0041_0058_0036.jpg 1 27 41 58 36
0070_0022_0010_0056_0035.jpg 1 22 10 56 35
0071_0018_0051_0057_0035.jpg 1 18 51 57 35
0072_0007_0027_0061_0038.jpg 1 7 27 61 38
0073_0017_0005_0068_0042.jpg 1 17 5 68 42
0074_0019_0034_0053_0033.jpg 1 19 34 53 33
0075_0034_0032_0050_0031.jpg 1 34 32 50 31
0076_0014_0021_0051_0032.jpg 1 14 21 51 32
0077_0037_0006_0055_0034.jpg 1 37 6 55 34
0078_0045_0033_0049_0031.jpg 1 45 33 49 31
0079_0008_0047_0060_0037.jpg 1 8 47 60 37
0080_0009_0036_0067_0041.jpg 1 9 36 67 41
0081_0038_0012_0050_0031.jpg 1 38 12 50 31
0082_0022_0022_0050_0031.jpg 1 22 22 50 31
0083_0005_0014_0060_0038.jpg 1 5 14 60 38
0084_0014_0027_0064_0040.jpg 1 14 27 64 40
0085_0010_0036_0066_0041.jpg 1 10 36 66 41
0086_0026_0015_0057_0036.jpg 1 26 15 57 36
0087_0008_0022_0052_0032.jpg 1 8 22 52 32
0088_0028_0039_0067_0042.jpg 1 28 39 67 42
0089_0020_0046_0062_0039.jpg 1 20 46 62 39
0090_0021_0039_0053_0033.jpg 1 21 39 53 33
0091_0031_0020_0061_0038.jpg 1 31 20 61 38
0092_0013_0010_0056_0035.jpg 1 13 10 56 35
0093_0013_0044_0065_0041.jpg 1 13 44 65 41
0094_0020_0012_0061_0038.jpg 1 20 12 61 38
0095_0017_0052_0065_0040.jpg 1 17 52 65 40
0096_0026_0036_0065_0041.jpg 1 26 36 65 41
0097_0006_0030_0068_0042.jpg 1 6 30 68 42
0098_0025_0019_0069_0043.jpg 1 25 19 69 43
0099_0024_0041_0057_0035.jpg 1 24 41 57 35
0100_0020_0010_0056_0035.jpg 1 20 10 56 35
0101_0006_0011_0057_0036.jpg 1 6 11 57 36
0102_0022_0009_0049_0031.jpg 1 22 9 49 31
0103_0041_0037_0053_0033.jpg 1 41 37 53 33
0104_0033_0052_0049_0031.jpg 1 33 52 49 31
0105_0010_0027_0064_0040.jpg 1 10 27 64 40
0106_0025_0027_0050_0031.jpg 1 25 27 50 31
0107_0016_0012_0057_0035.jpg 1 16 12 57 35
0108_0015_0043_0052_0032.jpg 1 15 43 52 32
0109_0024_0043_0055_0034.jpg 1 24 43 55 34
0110_0015_0049_0067_0042.jpg 1 15 49 67 42
0111_0019_0033_0057_0036.jpg 1 19 33 57 36
0112_0027_0043_0060_0037.jpg 1 27 43 60 37
0113_0031_0047_0062_0039.jpg 1 31 47 62 39
0114_0018_0011_0068_0043.jpg 1 18 11 68 43
0115_0018_0047_0058_0036.jpg 1 18 47 58 36
0116_0039_0030_0052_0032.jpg 1 39 30 52 32
0117_0007_0042_0055_0034.jpg 1 7 42 55 34
0118_0026_0046_0048_0030.jpg 1 26 46 48 30
0119_0024_0033_0052_0032.jpg 1 24 33 52 32
0120_0004_0029_0069_0043.jpg 1 4 29 69 43
0121_0019_0052_0064_0040.jpg 1 19 52 64 40
0122_0029_0041_0053_0033.jpg 1 29 41 53 33
0123_0026_0014_0062_0038.jpg 1 26 14 62 38
0124_0040_0059_0049_0031.jpg 1 40 59 49 31
0125_0016_0053_0056_0035.jpg 1 16 53 56 35
0126_0020_0044_0054_0033.jpg 1 20 44 54 33
0127_0028_0025_0066_0041.jpg 1 28 25 66 41
0128_0005_0011_0062_0039.jpg 1 5 11 62 39
