0001_0023_0021_0051_0032.jpg 1 23 21 51 32
0002_0005_0036_0059_0037.jpg 1 5 36 59 37
0003_0028_0008_0048_0030.jpg 1 28 8 48 30
0004_0010_0048_0050_0031.jpg 1 10 48 50 31
0005_0023_0047_0064_0040.jpg 1 23 47 64 40
0006_0034_0020_0059_0037.jpg 1 34 20 59 37
0007_0015_0029_0067_0042.jpg 1 15 29 67 42
0008_0026_0033_0053_0033.jpg 1 26 33 53 33
0009_0038_0026_0056_0035.jpg 1 38 26 56 35
0010_0026_0054_0055_0034.jpg 1 26 54 55 34
0011_0016_0023_0059_0036.jpg 1 16 23 59 36
0012_0034_0050_0059_0037.jpg 1 34 50 59 37
0013_0026_0019_0058_0036.jpg 1 26 19 58 36
0014_0008_0012_0048_0030.jpg 1 8 12 48 30
0015_0031_0026_0056_0035.jpg 1 31 26 56 35
0016_0016_0035_0063_0039.jpg 1 16 35 63 39
0017_0014_0018_0066_0041.jpg 1 14 18 66 41
0018_0019_0017_0057_0035.jpg 1 19 17 57 35
0019_0033_0027_0054_0033.jpg 1 33 27 54 33
0020_0017_0014_0049_0030.jpg 1 17 14 49 30
0021_0009_0021_0069_0043.jpg 1 9 21 69 43
0022_0021_0028_0058_0036.jpg 1 21 28 58 36
0023_0011_0050_0064_0040.jpg 1 11 50 64 40
0024_0024_0024_0067_0042.jpg 1 24 24 67 42
0025_0027_0027_0066_0041.jpg 1 27 27 66 41
0026_0031_0041_0064_0040.jpg 1 31 41 64 40
0027_0009_0028_0059_0037.jpg 1 9 28 59 37
0028_0027_0018_0054_0034.jpg 1 27 18 54 34
0029_0033_0062_0049_0030.jpg 1 33 62 49 30
0030_0030_0008_0054_0033.jpg 1 30 8 54 33
0031_0034_0048_0059_0036.jpg 1 34 48 59 36
0032_0031_0033_0052_0032.jpg 1 31 33 52 32
0033_0027_0027_0064_0040.jpg 1 27 27 64 40
0034_0006_0043_0050_0031.jpg 1 6 43 50 31
0035_0015_0021_0067_0042.jpg 1 15 21 67 42
0036_0021_0005_0065_0041.jpg 1 21 5 65 41
0037_0035_0009_0053_0033.jpg 1 35 9 53 33
0038_0010_0024_0065_0040.jpg 1 10 24 65 40
0039_0021_0006_0062_0038.jpg 1 21 6 62 38
0040_0023_0018_0067_0042.jpg 1 23 18 67 42
0041_0013_0050_0063_0039.jpg 1 13 50 63 39
0042_0010_0041_0069_0043.jpg 1 10 41 69 43
0043_0006_0009_0051_0032.jpg 1 6 9 51 32
0044_0006_0022_0064_0040.jpg 1 6 22 64 40
0045_0008_0035_0062_0039.jpg 1 8 35 62 39
0046_0011_0044_0064_0040.jpg 1 11 44 64 40
0047_0009_0029_0048_0030.jpg 1 9 29 48 30
0048_0017_0010_0068_0042.jpg 1 17 10 68 42
0049_0009_0009_0059_0037.jpg 1 9 9 59 37
0050_0026_0038_0068_0042.jpg 1 26 38 68 42
0051_0029_0029_0057_0036.jpg 1 29 29 57 36
0052_0024_0054_0062_0038.jpg 1 24 54 62 38
0053_0039_0059_0053_0033.jpg 1 39 59 53 33
0054_0030_0011_0065_0041.jpg 1 30 11 65 41
0055_0036_0055_0058_0036.jpg 1 36 55 58 36
0056_0003_0034_0068_0042.jpg 1 3 34 68 42
0057_0016_0041_0068_0042.jpg 1 16 41 68 42
0058_0007_0018_0052_0032.jpg 1 7 18 52 32
0059_0038_0051_0052_0032.jpg 1 38 51 52 32
0060_0005_0017_0056_0035.jpg 1 5 17 56 35
0061_0005_0040_0050_0031.jpg 1 5 40 50 31
0062_0018_0034_0061_0038.jpg 1 18 34 61 38
0063_0008_0034_0052_0033.jpg 1 8 34 52 33
0064_0030_0031_0058_0036.jpg 1 30 31 58 36
0065_0010_0016_0055_0034.jpg 1 10 16 55 34
0066_0024_0033_0058_0036.jpg 1 24 33 58 36
0067_0032_0024_0054_0034.jpg 1 32 24 54 34
0068_0025_0037_0059_0037.jpg 1 25 37 59 37
0069_0030_0027_0062_0038.jpg 1 30 27 62 38
0070_0038_0053_0048_0030.jpg 1 38 53 48 30
0071_0019_0048_0067_0042.jpg 1 19 48 67 42
0072_0017_0026_0066_0041.jpg 1 17 26 66 41
0073_0019_0008_0063_0039.jpg 1 19 8 63 39
0074_0036_0023_0054_0034.jpg 1 36 23 54 34
0075_0017_0020_0056_0035.jpg 1 17 20 56 35
0076_0023_0023_0058_0036.jpg 1 23 23 58 36
0077_0030_0034_0048_0030.jpg 1 30 34 48 30
0078_0015_0037_0063_0039.jpg 1 15 37 63 39
0079_0021_0029_0054_0033.jpg 1 21 29 54 33
0080_0015_0022_0063_0039.jpg 1 15 22 63 39
0081_0030_0024_0061_0038.jpg 1 30 24 61 38
0082_0009_0051_0059_0036.jpg 1 9 51 59 36
0083_0025_0013_0065_0040.jpg 1 25 13 65 40
0084_0017_0017_0064_0040.jpg 1 17 17 64 40
0085_0008_0016_0067_0041.jpg 1 8 16 67 41
0086_0017_0024_0068_0042.jpg 1 17 24 68 42
0087_0013_0047_0069_0043.jpg 1 13 47 69 43
0088_0042_0050_0053_0033.jpg 1 42 50 53 33
0089_0026_0019_0051_0032.jpg 1 26 19 51 32
0090_0023_0033_0068_0042.jpg 1 23 33 68 42
0091_0024_0027_0050_0031.jpg 1 24 27 50 31
0092_0040_0008_0052_0033.jpg 1 40 8 52 33
0093_0020_0058_0051_0032.jpg 1 20 58 51 32
0094_0034_0007_0053_0033.jpg 1 34 7 53 33
0095_0014_0053_0065_0040.jpg 1 14 53 65 40
0096_0036_0055_0048_0030.jpg 1 36 55 48 30
0097_0012_0016_0048_0030.jpg 1 12 16 48 30
0098_0010_0043_0049_0030.jpg 1 10 43 49 30
0099_0009_0035_0057_0036.jpg 1 9 35 57 36
0100_0017_0020_0052_0032.jpg 1 17 20 52 32
0101_0011_0030_0065_0040.jpg 1 11 30 65 40
0102_0016_0040_0060_0037.jpg 1 16 40 60 37
0103_0038_0020_0056_0035.jpg 1 38 20 56 35
0104_0018_0052_0055_0034.jpg 1 18 52 55 34
0105_0038_0058_0049_0030.jpg 1 38 58 49 30
0106_0033_0034_0056_0035.jpg 1 33 34 56 35
0107_0017_0012_0068_0042.jpg 1 17 12 68 42
0108_0003_0045_0069_0043.jpg 1 3 45 69 43
0109_0007_0014_0068_0042.jpg 1 7 14 68 42
0110_0008_0026_0064_0040.jpg 1 8 26 64 40
0111_0030_0019_0063_0039.jpg 1 30 19 63 39
0112_0012_0027_0062_0039.jpg 1 12 27 62 39
0113_0009_0040_0067_0042.jpg 1 9 40 67 42
0114_0024_0011_0049_0031.jpg 1 24 11 49 31
0115_0004_0027_0065_0041.jpg 1 4 27 65 41
0116_0036_0046_0053_0033.jpg 1 36 46 53 33
0117_0037_0009_0052_0032.jpg 1 37 9 52 32
0118_0005_0042_0069_0043.jpg 1 5 42 69 43
0119_0025_0006_0065_0040.jpg 1 25 6 65 40
0120_0013_0039_0063_0039.jpg 1 13 39 63 39
0121_0020_0030_0064_0040.jpg 1 20 30 64 40
0122_0045_0061_0049_0030.jpg 1 45 61 49 30
0123_0030_0050_0048_0030.jpg 1 30 50 48 30
0124_0016_0031_0066_0041.jpg 1 16 31 66 41
0125_0029_0050_0058_0036.jpg 1 29 50 58 36
0126_0031_0010_0065_0041.jpg 1 31 10 65 41
0127_0009_0055_0057_0035.jpg 1 9 55 57 35
0128_0022_0032_0067_0042.jpg 1 22 32 67 42
