0001_0026_0008_0052_0032.jpg 1 26 8 52 32
0002_0007_0055_0058_0036.jpg 1 7 55 58 36
0003_0011_0034_0069_0043.jpg 1 11 34 69 43
0004_0017_0049_0054_0034.jpg 1 17 49 54 34
0005_0032_0040_0048_0030.jpg 1 32 40 48 30
0006_0023_0039_0063_0039.jpg 1 23 39 63 39
0007_0016_0033_0066_0041.jpg 1 16 33 66 41
0008_0016_0052_0067_0042.jpg 1 16 52 67 42
0009_0006_0024_0052_0033.jpg 1 6 24 52 33
0010_0044_0055_0049_0031.jpg 1 44 55 49 31
0011_0017_0013_0063_0039.jpg 1 17 13 63 39
0012_0035_0038_0052_0032.jpg 1 35 38 52 32
0013_0007_0049_0058_0036.jpg 1 7 49 58 36
0014_0024_0050_0061_0038.jpg 1 24 50 61 38
0015_0008_0036_0068_0042.jpg 1 8 36 68 42
0016_0008_0013_0064_0040.jpg 1 8 13 64 40
0017_0013_0029_0054_0034.jpg 1 13 29 54 34
0018_0008_0007_0057_0035.jpg 1 8 7 57 35
0019_0041_0047_0049_0030.jpg 1 41 47 49 30
0020_0028_0049_0067_0042.jpg 1 28 49 67 42
0021_0008_0010_0056_0035.jpg 1 8 10 56 35
0022_0009_0040_0069_0043.jpg 1 9 40 69 43
0023_0012_0039_0068_0042.jpg 1 12 39 68 42
0024_0008_0025_0054_0034.jpg 1 8 25 54 34
0025_0015_0035_0048_0030.jpg 1 15 35 48 30
0026_0020_0036_0056_0035.jpg 1 20 36 56 35
0027_0009_0048_0056_0035.jpg 1 9 48 56 35
0028_0025_0039_0063_0039.jpg 1 25 39 63 39
0029_0030_0016_0051_0032.jpg 1 30 16 51 32
0030_0018_0015_0068_0042.jpg 1 18 15 68 42
0031_0021_0036_0054_0034.jpg 1 21 36 54 34
0032_0011_0056_0056_0035.jpg 1 11 56 56 35
0033_0026_0031_0068_0042.jpg 1 26 31 68 42
0034_0005_0009_0051_0032.jpg 1 5 9 51 32
0035_0033_0029_0051_0032.jpg 1 33 29 51 32
0036_0017_0028_0051_0032.jpg 1 17 28 51 32
0037_0019_0049_0067_0042.jpg 1 19 49 67 42
0038_0021_0036_0062_0039.jpg 1 21 36 62 39
0039_0008_0017_0069_0043.jpg 1 8 17 69 43
0040_0029_0056_0057_0036.jpg 1 29 56 57 36
0041_0026_0034_0054_0033.jpg 1 26 34 54 33
0042_0031_0010_0058_0036.jpg 1 31 10 58 36
0043_0027_0013_0057_0035.jpg 1 27 13 57 35
0044_0017_0019_0056_0035.jpg 1 17 19 56 35
0045_0017_0009_0049_0031.jpg 1 17 9 49 31
0046_0005_0010_0061_0038.jpg 1 5 10 61 38
0047_0013_0012_0055_0034.jpg 1 13 12 55 34
0048_0033_0031_0060_0037.jpg 1 33 31 60 37
0049_0016_0051_0067_0042.jpg 1 16 51 67 42
0050_0037_0007_0053_0033.jpg 1 37 7 53 33
0051_0010_0018_0053_0033.jpg 1 10 18 53 33
0052_0028_0020_0058_0036.jpg 1 28 20 58 36
0053_0037_0009_0052_0033.jpg 1 37 9 52 33
0054_0020_0033_0069_0043.jpg 1 20 33 69 43
0055_0015_0034_0064_0040.jpg 1 15 34 64 40
0056_0011_0023_0059_0037.jpg 1 11 23 59 37
0057_0017_0038_0068_0042.jpg 1 17 38 68 42
0058_0034_0037_0054_0033.jpg 1 34 37 54 33
0059_0007_0013_0058_0036.jpg 1 7 13 58 36
0060_0004_0040_0057_0035.jpg 1 4 40 57 35
0061_0042_0045_0048_0030.jpg 1 42 45 48 30
0062_0025_0052_0053_0033.jpg 1 25 52 53 33
0063_0007_0037_0064_0040.jpg 1 7 37 64 40
0064_0024_0029_0068_0043.jpg 1 24 29 68 43
0065_0035_0012_0052_0032.jpg 1 35 12 52 32
0066_0039_0051_0052_0032.jpg 1 39 51 52 32
0067_0033_0057_0050_0031.jpg 1 33 57 50 31
0068_0022_0052_0058_0036.jpg 1 22 52 58 36
0069_0011_0055_0053_0033.jpg 1 11 55 53 33
0070_0008_0032_0063_0039.jpg 1 8 32 63 39
0071_0039_0030_0050_0031.jpg 1 39 30 50 31
0072_0008_0029_0063_0039.jpg 1 8 29 63 39
0073_0024_0052_0059_0037.jpg 1 24 52 59 37
0074_0028_0021_0063_0039.jpg 1 28 21 63 39
0075_0036_0026_0048_0030.jpg 1 36 26 48 30
0076_0028_0015_0058_0036.jpg 1 28 15 58 36
0077_0004_0006_0055_0034.jpg 1 4 6 55 34
0078_0006_0041_0064_0040.jpg 1 6 41 64 40
0079_0038_0010_0048_0030.jpg 1 38 10 48 30
0080_0044_0061_0049_0030.jpg 1 44 61 49 30
0081_0024_0036_0062_0039.jpg 1 24 36 62 39
0082_0005_0011_0061_0038.jpg 1 5 11 61 38
0083_0013_0023_0058_0036.jpg 1 13 23 58 36
0084_0017_0022_0063_0039.jpg 1 17 22 63 39
0085_0033_0007_0050_0031.jpg 1 33 7 50 31
0086_0009_0031_0069_0043.jpg 1 9 31 69 43
0087_0032_0032_0063_0039.jpg 1 32 32 63 39
0088_0036_0014_0052_0032.jpg 1 36 14 52 32
0089_0037_0008_0053_0033.jpg 1 37 8 53 33
0090_0009_0017_0063_0039.jpg 1 9 17 63 39
0091_0008_0044_0058_0036.jpg 1 8 44 58 36
0092_0018_0007_0065_0041.jpg 1 18 7 65 41
0093_0008_0013_0067_0041.jpg 1 8 13 67 41
0094_0021_0014_0055_0034.jpg 1 21 14 55 34
0095_0039_0023_0054_0033.jpg 1 39 23 54 33
0096_0028_0046_0058_0036.jpg 1 28 46 58 36
0097_0029_0015_0060_0038.jpg 1 29 15 60 38
0098_0029_0026_0065_0041.jpg 1 29 26 65 41
0099_0025_0032_0050_0031.jpg 1 25 32 50 31
0100_0024_0017_0063_0039.jpg 1 24 17 63 39
0101_0041_0050_0053_0033.jpg 1 41 50 53 33
0102_0009_0043_0062_0039.jpg 1 9 43 62 39
0103_0010_0047_0063_0039.jpg 1 10 47 63 39
0104_0026_0013_0068_0043.jpg 1 26 13 68 43
0105_0007_0025_0062_0039.jpg 1 7 25 62 39
0106_0043_0031_0051_0032.jpg 1 43 31 51 32
0107_0032_0049_0048_0030.jpg 1 32 49 48 30
0108_0027_0057_0049_0030.jpg 1 27 57 49 30
0109_0043_0018_0049_0030.jpg 1 43 18 49 30
0110_0010_0023_0069_0043.jpg 1 10 23 69 43
0111_0005_0032_0068_0042.jpg 1 5 32 68 42
0112_0037_0040_0056_0035.jpg 1 37 40 56 35
0113_0032_0044_0064_0040.jpg 1 32 44 64 40
0114_0019_0035_0051_0032.jpg 1 19 35 51 32
0115_0023_0032_0065_0040.jpg 1 23 32 65 40
0116_0023_0016_0054_0033.jpg 1 23 16 54 33
0117_0008_0012_0061_0038.jpg 1 8 12 61 38
0118_0030_0014_0058_0036.jpg 1 30 14 58 36
0119_0008_0031_0060_0038.jpg 1 8 31 60 38
0120_0009_0023_0066_0041.jpg 1 9 23 66 41
0121_0006_0025_0057_0036.jpg 1 6 25 57 36
0122_0020_0051_0066_0041.jpg 1 20 51 66 41
0123_0021_0046_0059_0036.jpg 1 21 46 59 36
0124_0014_0027_0057_0036.jpg 1 14 27 57 36
0125_0028_0028_0065_0040.jpg 1 28 28 65 40
0126_0011_0056_0054_0033.jpg 1 11 56 54 33
0127_0019_0046_0067_0042.jpg 1 19 46 67 42
0128_0015_0041_0056_0035.jpg 1 15 41 56 35
