0001_0025_0020_0069_0043.jpg 1 25 20 69 43
0002_0027_0041_0069_0043.jpg 1 27 41 69 43
0003_0013_0011_0055_0034.jpg 1 13 11 55 34
0004_0016_0024_0051_0032.jpg 1 16 24 51 32
0005_0018_0045_0067_0042.jpg 1 18 45 67 42
0006_0008_0021_0058_0036.jpg 1 8 21 58 36
0007_0018_0022_0064_0040.jpg 1 18 22 64 40
0008_0038_0043_0054_0034.jpg 1 38 43 54 34
0009_0020_0011_0050_0031.jpg 1 20 11 50 31
0010_0004_0040_0068_0043.jpg 1 4 40 68 43
0011_0023_0008_0053_0033.jpg 1 23 8 53 33
0012_0012_0016_0048_0030.jpg 1 12 16 48 30
0013_0013_0047_0069_0043.jpg 1 13 47 69 43
0014_0026_0053_0059_0037.jpg 1 26 53 59 37
0015_0028_0022_0060_0037.jpg 1 28 22 60 37
0016_0032_0024_0061_0038.jpg 1 32 24 61 38
0017_0027_0046_0048_0030.jpg 1 27 46 48 30
0018_0038_0046_0054_0033.jpg 1 38 46 54 33
0019_0012_0021_0065_0040.jpg 1 12 21 65 40
0020_0026_0007_0053_0033.jpg 1 26 7 53 33
0021_0020_0037_0067_0042.jpg 1 20 37 67 42
0022_0012_0050_0055_0034.jpg 1 12 50 55 34
0023_0016_0015_0059_0037.jpg 1 16 15 59 37
0024_0035_0014_0050_0031.jpg 1 35 14 50 31
0025_0023_0015_0052_0032.jpg 1 23 15 52 32
0026_0017_0051_0053_0033.jpg 1 17 51 53 33
0027_0036_0042_0056_0035.jpg 1 36 42 56 35
0028_0006_0021_0067_0042.jpg 1 6 21 67 42
0029_0004_0034_0066_0041.jpg 1 4 34 66 41
0030_0016_0012_0060_0037.jpg 1 16 12 60 37
0031_0021_0024_0064_0040.jpg 1 21 24 64 40
0032_0026_0040_0062_0038.jpg 1 26 40 62 38
0033_0005_0023_0061_0038.jpg 1 5 23 61 38
0034_0013_0032_0048_0030.jpg 1 13 32 48 30
0035_0017_0016_0060_0037.jpg 1 17 16 60 37
0036_0009_0009_0052_0032.jpg 1 9 9 52 32
0037_0039_0018_0056_0035.jpg 1 39 18 56 35
0038_0010_0011_0049_0030.jpg 1 10 11 49 30
0039_0004_0006_0064_0040.jpg 1 4 6 64 40
0040_0024_0036_0059_0037.jpg 1 24 36 59 37
0041_0031_0014_0057_0036.jpg 1 31 14 57 36
0042_0014_0013_0051_0032.jpg 1 14 13 51 32
0043_0009_0049_0055_0034.jpg 1 9 49 55 34
0044_0023_0045_0053_0033.jpg 1 23 45 53 33
0045_0007_0042_0061_0038.jpg 1 7 42 61 38
0046_0025_0039_0066_0041.jpg 1 25 39 66 41
0047_0007_0050_0052_0032.jpg 1 7 50 52 32
0048_0025_0046_0066_0041.jpg 1 25 46 66 41
0049_0027_0016_0052_0032.jpg 1 27 16 52 32
0050_0018_0040_0066_0041.jpg 1 18 40 66 41
0051_0018_0045_0059_0037.jpg 1 18 45 59 37
0052_0025_0019_0066_0041.jpg 1 25 19 66 41
0053_0046_0058_0048_0030.jpg 1 46 58 48 30
0054_0013_0030_0061_0038.jpg 1 13 30 61 38
0055_0005_0032_0054_0034.jpg 1 5 32 54 34
0056_0032_0018_0055_0034.jpg 1 32 18 55 34
0057_0020_0037_0057_0035.jpg 1 20 37 57 35
0058_0011_0016_0060_0037.jpg 1 11 16 60 37
0059_0018_0027_0063_0039.jpg 1 18 27 63 39
0060_0035_0036_0048_0030.jpg 1 35 36 48 30
0061_0015_0053_0051_0031.jpg 1 15 53 51 31
0062_0025_0015_0055_0034.jpg 1 25 15 55 34
0063_0023_0039_0061_0038.jpg 1 23 39 61 38
0064_0007_0040_0066_0041.jpg 1 7 40 66 41
0065_0010_0018_0062_0039.jpg 1 10 18 62 39
0066_0026_0018_0063_0039.jpg 1 26 18 63 39
0067_0015_0022_0067_0042.jpg 1 15 22 67 42
0068_0010_0035_0051_0032.jpg 1 10 35 51 32
0069_0015_0036_0058_0036.jpg 1 15 36 58 36
0070_0023_0014_0053_0033.jpg 1 23 14 53 33
0071_0031_0047_0057_0035.jpg 1 31 47 57 35
0072_0010_0018_0061_0038.jpg 1 10 18 61 38
0073_0013_0058_0048_0030.jpg 1 13 58 48 30
0074_0024_0014_0069_0043.jpg 1 24 14 69 43
0075_0028_0053_0054_0033.jpg 1 28 53 54 33
0076_0031_0018_0050_0031.jpg 1 31 18 50 31
0077_0005_0012_0064_0040.jpg 1 5 12 64 40
0078_0004_0036_0062_0038.jpg 1 4 36 62 38
0079_0010_0034_0059_0037.jpg 1 10 34 59 37
0080_0017_0048_0061_0038.jpg 1 17 48 61 38
0081_0016_0032_0067_0042.jpg 1 16 32 67 42
0082_0009_0032_0056_0035.jpg 1 9 32 56 35
0083_0022_0029_0049_0030.jpg 1 22 29 49 30
0084_0007_0015_0059_0037.jpg 1 7 15 59 37
0085_0012_0050_0059_0037.jpg 1 12 50 59 37
0086_0030_0030_0053_0033.jpg 1 30 30 53 33
0087_0018_0050_0049_0030.jpg 1 18 50 49 30
0088_0008_0034_0058_0036.jpg 1 8 34 58 36
0089_0005_0017_0064_0040.jpg 1 5 17 64 40
0090_0023_0053_0052_0033.jpg 1 23 53 52 33
0091_0020_0019_0061_0038.jpg 1 20 19 61 38
0092_0012_0044_0058_0036.jpg 1 12 44 58 36
0093_0013_0009_0055_0034.jpg 1 13 9 55 34
0094_0016_0059_0049_0031.jpg 1 16 59 49 31
0095_0018_0009_0053_0033.jpg 1 18 9 53 33
0096_0028_0046_0058_0036.jpg 1 28 46 58 36
0097_0020_0024_0054_0034.jpg 1 20 24 54 34
0098_0034_0015_0051_0032.jpg 1 34 15 51 32
0099_0012_0056_0054_0034.jpg 1 12 56 54 34
0100_0009_0043_0064_0040.jpg 1 9 43 64 40
0101_0032_0028_0061_0038.jpg 1 32 28 61 38
0102_0006_0007_0059_0037.jpg 1 6 7 59 37
0103_0023_0007_0053_0033.jpg 1 23 7 53 33
0104_0026_0036_0054_0033.jpg 1 26 36 54 33
0105_0026_0022_0051_0032.jpg 1 26 22 51 32
0106_0030_0006_0057_0036.jpg 1 30 6 57 36
0107_0029_0027_0050_0031.jpg 1 29 27 50 31
0108_0034_0027_0053_0033.jpg 1 34 27 53 33
0109_0033_0021_0061_0038.jpg 1 33 21 61 38
0110_0017_0046_0055_0034.jpg 1 17 46 55 34
0111_0006_0047_0061_0038.jpg 1 6 47 61 38
0112_0021_0039_0059_0037.jpg 1 21 39 59 37
0113_0033_0053_0054_0034.jpg 1 33 53 54 34
0114_0012_0026_0069_0043.jpg 1 12 26 69 43
0115_0005_0037_0061_0038.jpg 1 5 37 61 38
0116_0041_0051_0054_0034.jpg 1 41 51 54 34
0117_0031_0035_0058_0036.jpg 1 31 35 58 36
0118_0004_0010_0063_0039.jpg 1 4 10 63 39
0119_0005_0053_0061_0038.jpg 1 5 53 61 38
0120_0015_0014_0052_0032.jpg 1 15 14 52 32
0121_0023_0019_0065_0040.jpg 1 23 19 65 40
0122_0022_0049_0054_0034.jpg 1 22 49 54 34
0123_0005_0017_0055_0034.jpg 1 5 17 55 34
0124_0040_0057_0052_0033.jpg 1 40 57 52 33
0125_0018_0040_0069_0043.jpg 1 18 40 69 43
0126_0012_0037_0065_0040.jpg 1 12 37 65 40
0127_0014_0010_0067_0042.jpg 1 14 10 67 42
0128_0024_0015_0069_0043.jpg 1 24 15 69 43
