0001_0021_0007_0066_0041.jpg 1 21 7 66 41
0002_0020_0017_0053_0033.jpg 1 20 17 53 33
0003_0041_0031_0050_0031.jpg 1 41 31 50 31
0004_0011_0049_0051_0031.jpg 1 11 49 51 31
0005_0011_0033_0062_0039.jpg 1 11 33 62 39
0006_0016_0023_0068_0042.jpg 1 16 23 68 42
0007_0010_0015_0059_0037.jpg 1 10 15 59 37
0008_0031_0036_0058_0036.jpg 1 31 36 58 36
0009_0016_0039_0048_0030.jpg 1 16 39 48 30
0010_0029_0019_0063_0039.jpg 1 29 19 63 39
0011_0012_0007_0059_0037.jpg 1 12 7 59 37
0012_0009_0015_0068_0042.jpg 1 9 15 68 42
0013_0018_0062_0048_0030.jpg 1 18 62 48 30
0014_0029_0048_0060_0037.jpg 1 29 48 60 37
0015_0011_0034_0056_0035.jpg 1 11 34 56 35
0016_0017_0012_0055_0034.jpg 1 17 12 55 34
0017_0008_0053_0050_0031.jpg 1 8 53 50 31
0018_0017_0041_0052_0032.jpg 1 17 41 52 32
0019_0025_0056_0055_0034.jpg 1 25 56 55 34
0020_0028_0054_0053_0033.jpg 1 28 54 53 33
0021_0014_0044_0051_0032.jpg 1 14 44 51 32
0022_0039_0046_0052_0032.jpg 1 39 46 52 32
0023_0019_0049_0069_0043.jpg 1 19 49 69 43
0024_0021_0024_0054_0034.jpg 1 21 24 54 34
0025_0012_0040_0050_0031.jpg 1 12 40 50 31
0026_0031_0038_0054_0033.jpg 1 31 38 54 33
0027_0024_0030_0062_0039.jpg 1 24 30 62 39
0028_0016_0006_0069_0043.jpg 1 16 6 69 43
0029_0024_0058_0050_0031.jpg 1 24 58 50 31
0030_0012_0036_0065_0040.jpg 1 12 36 65 40
0031_0021_0051_0048_0030.jpg 1 21 51 48 30
0032_0038_0057_0053_0033.jpg 1 38 57 53 33
0033_0033_0023_0061_0038.jpg 1 33 23 61 38
0034_0028_0038_0066_0041.jpg 1 28 38 66 41
0035_0004_0042_0062_0039.jpg 1 4 42 62 39
0036_0004_0011_0058_0036.jpg 1 4 11 58 36
0037_0013_0007_0069_0043.jpg 1 13 7 69 43
0038_0020_0039_0063_0039.jpg 1 20 39 63 39
0039_0033_0050_0055_0034.jpg 1 33 50 55 34
0040_0021_0028_0054_0033.jpg 1 21 28 54 33
0041_0040_0044_0051_0032.jpg 1 40 44 51 32
0042_0029_0039_0059_0036.jpg 1 29 39 59 36
0043_0040_0026_0055_0034.jpg 1 40 26 55 34
0044_0014_0007_0055_0034.jpg 1 14 7 55 34
0045_0005_0024_0048_0030.jpg 1 5 24 48 30
0046_0007_0013_0064_0040.jpg 1 7 13 64 40
0047_0033_0019_0063_0039.jpg 1 33 19 63 39
0048_0004_0016_0069_0043.jpg 1 4 16 69 43
0049_0004_0053_0061_0038.jpg 1 4 53 61 38
0050_0028_0023_0050_0031.jpg 1 28 23 50 31
0051_0013_0036_0056_0035.jpg 1 13 36 56 35
0052_0030_0012_0059_0036.jpg 1 30 12 59 36
0053_0022_0046_0050_0031.jpg 1 22 46 50 31
0054_0018_0038_0053_0033.jpg 1 18 38 53 33
0055_0027_0044_0065_0041.jpg 1 27 44 65 41
0056_0007_0044_0056_0035.jpg 1 7 44 56 35
0057_0030_0024_0050_0031.jpg 1 30 24 50 31
0058_0007_0022_0069_0043.jpg 1 7 22 69 43
0059_0004_0005_0069_0043.jpg 1 4 5 69 43
0060_0018_0025_0051_0032.jpg 1 18 25 51 32
0061_0025_0027_0055_0034.jpg 1 25 27 55 34
0062_0025_0030_0051_0031.jpg 1 25 30 51 31
0063_0013_0046_0050_0031.jpg 1 13 46 50 31
0064_0026_0024_0054_0033.jpg 1 26 24 54 33
0065_0016_0048_0060_0037.jpg 1 16 48 60 37
0066_0037_0016_0049_0030.jpg 1 37 16 49 30
0067_0008_0047_0068_0043.jpg 1 8 47 68 43
0068_0006_0007_0057_0035.jpg 1 6 7 57 35
0069_0008_0015_0067_0041.jpg 1 8 15 67 41
0070_0020_0006_0056_0035.jpg 1 20 6 56 35
0071_0008_0032_0063_0039.jpg 1 8 32 63 39
0072_0015_0020_0055_0034.jpg 1 15 20 55 34
0073_0019_0013_0069_0043.jpg 1 19 13 69 43
0074_0038_0019_0048_0030.jpg 1 38 19 48 30
0075_0038_0036_0048_0030.jpg 1 38 36 48 30
0076_0043_0042_0050_0031.jpg 1 43 42 50 31
0077_0010_0051_0049_0030.jpg 1 10 51 49 30
0078_0014_0041_0066_0041.jpg 1 14 41 66 41
0079_0010_0052_0053_0033.jpg 1 10 52 53 33
0080_0027_0054_0050_0031.jpg 1 27 54 50 31
0081_0011_0043_0053_0033.jpg 1 11 43 53 33
0082_0008_0006_0068_0042.jpg 1 8 6 68 42
0083_0009_0011_0069_0043.jpg 1 9 11 69 43
0084_0004_0045_0055_0034.jpg 1 4 45 55 34
0085_0028_0049_0048_0030.jpg 1 28 49 48 30
0086_0006_0027_0059_0037.jpg 1 6 27 59 37
0087_0031_0012_0049_0030.jpg 1 31 12 49 30
0088_0027_0040_0064_0040.jpg 1 27 40 64 40
0089_0019_0051_0051_0031.jpg 1 19 51 51 31
0090_0019_0044_0069_0043.jpg 1 19 44 69 43
0091_0017_0025_0061_0038.jpg 1 17 25 61 38
0092_0022_0018_0066_0041.jpg 1 22 18 66 41
0093_0017_0010_0055_0034.jpg 1 17 10 55 34
0094_0014_0012_0050_0031.jpg 1 14 12 50 31
0095_0024_0048_0067_0042.jpg 1 24 48 67 42
0096_0017_0034_0066_0041.jpg 1 17 34 66 41
0097_0033_0006_0055_0034.jpg 1 33 6 55 34
0098_0032_0037_0053_0033.jpg 1 32 37 53 33
0099_0004_0019_0067_0042.jpg 1 4 19 67 42
0100_0004_0032_0061_0038.jpg 1 4 32 61 38
0101_0017_0008_0068_0042.jpg 1 17 8 68 42
0102_0019_0008_0068_0042.jpg 1 19 8 68 42
0103_0016_0030_0055_0034.jpg 1 16 30 55 34
0104_0030_0019_0058_0036.jpg 1 30 19 58 36
0105_0022_0038_0058_0036.jpg 1 22 38 58 36
0106_0038_0013_0055_0034.jpg 1 38 13 55 34
0107_0005_0058_0055_0034.jpg 1 5 58 55 34
0108_0030_0043_0059_0037.jpg 1 30 43 59 37
0109_0023_0037_0065_0041.jpg 1 23 37 65 41
0110_0014_0007_0058_0036.jpg 1 14 7 58 36
0111_0009_0046_0057_0036.jpg 1 9 46 57 36
0112_0017_0042_0066_0041.jpg 1 17 42 66 41
0113_0011_0049_0054_0034.jpg 1 11 49 54 34
0114_0021_0031_0059_0036.jpg 1 21 31 59 36
0115_0031_0015_0059_0037.jpg 1 31 15 59 37
0116_0008_0030_0051_0032.jpg 1 8 30 51 32
0117_0041_0053_0051_0032.jpg 1 41 53 51 32
0118_0008_0023_0060_0037.jpg 1 8 23 60 37
0119_0025_0021_0053_0033.jpg 1 25 21 53 33
0120_0011_0046_0052_0032.jpg 1 11 46 52 32
0121_0033_0026_0061_0038.jpg 1 33 26 61 38
0122_0018_0029_0067_0042.jpg 1 18 29 67 42
0123_0015_0044_0060_0037.jpg 1 15 44 60 37
0124_0013_0031_0066_0041.jpg 1 13 31 66 41
0125_0011_0015_0063_0039.jpg 1 11 15 63 39
0126_0014_0021_0063_0039.jpg 1 14 21 63 39
0127_0019_0019_0064_0040.jpg 1 19 19 64 40
0128_0004_0041_0061_0038.jpg 1 4 41 61 38
0129_0018_0007_0064_0040.jpg 1 18 7 64 40
0130_0027_0010_0048_0030.jpg 1 27 10 48 30
0131_0014_0030_0068_0042.jpg 1 14 30 68 42
0132_0018_0049_0066_0041.jpg 1 18 49 66 41
0133_0009_0019_0068_0042.jpg 1 9 19 68 42
0134_0023_0016_0067_0042.jpg 1 23 16 67 42
0135_0025_0026_0066_0041.jpg 1 25 26 66 41
0136_0014_0017_0061_0038.jpg 1 14 17 61 38
0137_0010_0036_0059_0036.jpg 1 10 36 59 36
0138_0030_0051_0051_0032.jpg 1 30 51 51 32
0139_0035_0046_0060_0037.jpg 1 35 46 60 37
0140_0019_0054_0060_0037.jpg 1 19 54 60 37
0141_0042_0012_0050_0031.jpg 1 42 12 50 31
0142_0039_0008_0053_0033.jpg 1 39 8 53 33
0143_0015_0030_0052_0032.jpg 1 15 30 52 32
0144_0007_0048_0057_0035.jpg 1 7 48 57 35
0145_0006_0044_0068_0042.jpg 1 6 44 68 42
0146_0024_0033_0059_0037.jpg 1 24 33 59 37
0147_0027_0056_0060_0037.jpg 1 27 56 60 37
0148_0013_0031_0068_0042.jpg 1 13 31 68 42
0149_0015_0049_0069_0043.jpg 1 15 49 69 43
0150_0037_0042_0053_0033.jpg 1 37 42 53 33
0151_0005_0008_0052_0032.jpg 1 5 8 52 32
0152_0016_0046_0051_0032.jpg 1 16 46 51 32
0153_0036_0044_0054_0033.jpg 1 36 44 54 33
0154_0018_0051_0059_0037.jpg 1 18 51 59 37
0155_0020_0027_0065_0040.jpg 1 20 27 65 40
0156_0021_0060_0050_0031.jpg 1 21 60 50 31
0157_0035_0011_0050_0031.jpg 1 35 11 50 31
0158_0033_0013_0052_0032.jpg 1 33 13 52 32
0159_0017_0057_0055_0034.jpg 1 17 57 55 34
0160_0007_0030_0067_0042.jpg 1 7 30 67 42
0161_0025_0043_0068_0042.jpg 1 25 43 68 42
0162_0020_0025_0051_0032.jpg 1 20 25 51 32
0163_0023_0019_0058_0036.jpg 1 23 19 58 36
0164_0024_0025_0050_0031.jpg 1 24 25 50 31
0165_0006_0011_0068_0042.jpg 1 6 11 68 42
0166_0021_0026_0066_0041.jpg 1 21 26 66 41
0167_0023_0017_0058_0036.jpg 1 23 17 58 36
0168_0011_0044_0051_0032.jpg 1 11 44 51 32
0169_0043_0029_0051_0032.jpg 1 43 29 51 32
0170_0028_0030_0067_0042.jpg 1 28 30 67 42
0171_0017_0017_0066_0041.jpg 1 17 17 66 41
0172_0012_0050_0054_0034.jpg 1 12 50 54 34
0173_0009_0020_0061_0038.jpg 1 9 20 61 38
0174_0026_0052_0050_0031.jpg 1 26 52 50 31
0175_0005_0039_0068_0042.jpg 1 5 39 68 42
0176_0007_0039_0068_0042.jpg 1 7 39 68 42
0177_0005_0015_0048_0030.jpg 1 5 15 48 30
0178_0007_0016_0062_0039.jpg 1 7 16 62 39
0179_0016_0038_0056_0035.jpg 1 16 38 56 35
0180_0038_0044_0050_0031.jpg 1 38 44 50 31
0181_0018_0006_0064_0040.jpg 1 18 6 64 40
0182_0003_0051_0069_0043.jpg 1 3 51 69 43
0183_0026_0037_0063_0039.jpg 1 26 37 63 39
0184_0014_0005_0069_0043.jpg 1 14 5 69 43
0185_0005_0024_0053_0033.jpg 1 5 24 53 33
0186_0035_0052_0054_0033.jpg 1 35 52 54 33
0187_0028_0011_0059_0037.jpg 1 28 11 59 37
0188_0021_0059_0049_0030.jpg 1 21 59 49 30
0189_0006_0051_0057_0036.jpg 1 6 51 57 36
0190_0022_0046_0058_0036.jpg 1 22 46 58 36
0191_0005_0058_0050_0031.jpg 1 5 58 50 31
0192_0025_0010_0061_0038.jpg 1 25 10 61 38
0193_0007_0054_0058_0036.jpg 1 7 54 58 36
0194_0041_0040_0053_0033.jpg 1 41 40 53 33
0195_0004_0046_0069_0043.jpg 1 4 46 69 43
0196_0017_0018_0063_0039.jpg 1 17 18 63 39
0197_0023_0022_0049_0030.jpg 1 23 22 49 30
0198_0010_0048_0069_0043.jpg 1 10 48 69 43
0199_0021_0034_0050_0031.jpg 1 21 34 50 31
0200_0010_0033_0065_0041.jpg 1 10 33 65 41
0201_0022_0037_0059_0037.jpg 1 22 37 59 37
0202_0025_0037_0053_0033.jpg 1 25 37 53 33
0203_0033_0025_0058_0036.jpg 1 33 25 58 36
0204_0037_0030_0055_0034.jpg 1 37 30 55 34
0205_0016_0044_0063_0039.jpg 1 16 44 63 39
0206_0039_0038_0049_0030.jpg 1 39 38 49 30
0207_0024_0029_0052_0032.jpg 1 24 29 52 32
0208_0043_0019_0050_0031.jpg 1 43 19 50 31
0209_0010_0050_0052_0033.jpg 1 10 50 52 33
0210_0033_0006_0055_0034.jpg 1 33 6 55 34
0211_0009_0043_0054_0033.jpg 1 9 43 54 33
0212_0007_0045_0065_0040.jpg 1 7 45 65 40
0213_0013_0015_0052_0032.jpg 1 13 15 52 32
0214_0032_0016_0055_0034.jpg 1 32 16 55 34
0215_0039_0023_0056_0035.jpg 1 39 23 56 35
0216_0031_0037_0061_0038.jpg 1 31 37 61 38
0217_0023_0012_0049_0031.jpg 1 23 12 49 31
0218_0031_0039_0056_0035.jpg 1 31 39 56 35
0219_0023_0013_0068_0042.jpg 1 23 13 68 42
0220_0011_0024_0067_0042.jpg 1 11 24 67 42
0221_0015_0047_0062_0038.jpg 1 15 47 62 38
0222_0043_0030_0049_0030.jpg 1 43 30 49 30
0223_0021_0045_0053_0033.jpg 1 21 45 53 33
0224_0041_0020_0053_0033.jpg 1 41 20 53 33
0225_0031_0017_0049_0030.jpg 1 31 17 49 30
0226_0004_0038_0062_0038.jpg 1 4 38 62 38
0227_0025_0038_0056_0035.jpg 1 25 38 56 35
0228_0022_0020_0063_0039.jpg 1 22 20 63 39
0229_0031_0008_0062_0039.jpg 1 31 8 62 39
0230_0034_0028_0049_0031.jpg 1 34 28 49 31
0231_0017_0035_0063_0039.jpg 1 17 35 63 39
0232_0034_0013_0049_0031.jpg 1 34 13 49 31
0233_0021_0048_0056_0035.jpg 1 21 48 56 35
0234_0005_0043_0062_0039.jpg 1 5 43 62 39
0235_0024_0019_0048_0030.jpg 1 24 19 48 30
0236_0031_0027_0054_0033.jpg 1 31 27 54 33
0237_0016_0018_0063_0039.jpg 1 16 18 63 39
0238_0026_0048_0054_0033.jpg 1 26 48 54 33
0239_0031_0012_0049_0030.jpg 1 31 12 49 30
0240_0032_0055_0052_0032.jpg 1 32 55 52 32
0241_0026_0030_0061_0038.jpg 1 26 30 61 38
0242_0021_0053_0066_0041.jpg 1 21 53 66 41
0243_0019_0049_0061_0038.jpg 1 19 49 61 38
0244_0004_0016_0063_0039.jpg 1 4 16 63 39
0245_0025_0025_0056_0035.jpg 1 25 25 56 35
0246_0027_0019_0067_0042.jpg 1 27 19 67 42
0247_0023_0033_0054_0034.jpg 1 23 33 54 34
0248_0025_0060_0048_0030.jpg 1 25 60 48 30
0249_0026_0008_0066_0041.jpg 1 26 8 66 41
0250_0005_0024_0065_0041.jpg 1 5 24 65 41
0251_0033_0009_0052_0032.jpg 1 33 9 52 32
0252_0003_0015_0069_0043.jpg 1 3 15 69 43
0253_0015_0056_0048_0030.jpg 1 15 56 48 30
0254_0045_0029_0048_0030.jpg 1 45 29 48 30
0255_0012_0009_0060_0037.jpg 1 12 9 60 37
0256_0031_0026_0060_0037.jpg 1 31 26 60 37
