0001_0012_0011_0066_0041.jpg 1 12 11 66 41
0002_0028_0050_0068_0042.jpg 1 28 50 68 42
0003_0011_0022_0053_0033.jpg 1 11 22 53 33
0004_0015_0035_0067_0041.jpg 1 15 35 67 41
0005_0011_0006_0049_0031.jpg 1 11 6 49 31
0006_0008_0015_0055_0034.jpg 1 8 15 55 34
0007_0030_0052_0066_0041.jpg 1 30 52 66 41
0008_0039_0015_0054_0033.jpg 1 39 15 54 33
0009_0031_0045_0060_0037.jpg 1 31 45 60 37
0010_0008_0048_0063_0039.jpg 1 8 48 63 39
0011_0028_0057_0054_0034.jpg 1 28 57 54 34
0012_0021_0014_0059_0037.jpg 1 21 14 59 37
0013_0023_0047_0069_0043.jpg 1 23 47 69 43
0014_0038_0048_0056_0035.jpg 1 38 48 56 35
0015_0012_0021_0057_0035.jpg 1 12 21 57 35
0016_0010_0013_0065_0041.jpg 1 10 13 65 41
0017_0004_0015_0068_0043.jpg 1 4 15 68 43
0018_0010_0032_0067_0041.jpg 1 10 32 67 41
0019_0026_0010_0067_0042.jpg 1 26 10 67 42
0020_0026_0047_0059_0037.jpg 1 26 47 59 37
0021_0035_0026_0056_0035.jpg 1 35 26 56 35
0022_0011_0008_0048_0030.jpg 1 11 8 48 30
0023_0013_0042_0049_0030.jpg 1 13 42 49 30
0024_0006_0012_0055_0034.jpg 1 6 12 55 34
0025_0008_0026_0049_0031.jpg 1 8 26 49 31
0026_0026_0048_0065_0040.jpg 1 26 48 65 40
0027_0019_0044_0060_0037.jpg 1 19 44 60 37
0028_0025_0041_0067_0041.jpg 1 25 41 67 41
0029_0036_0025_0054_0034.jpg 1 36 25 54 34
0030_0030_0018_0060_0037.jpg 1 30 18 60 37
0031_0024_0007_0059_0037.jpg 1 24 7 59 37
0032_0018_0007_0062_0039.jpg 1 18 7 62 39
0033_0036_0010_0048_0030.jpg 1 36 10 48 30
0034_0011_0032_0069_0043.jpg 1 11 32 69 43
0035_0040_0034_0054_0034.jpg 1 40 34 54 34
0036_0028_0056_0057_0036.jpg 1 28 56 57 36
0037_0005_0058_0055_0034.jpg 1 5 58 55 34
0038_0023_0033_0051_0032.jpg 1 23 33 51 32
0039_0005_0016_0054_0034.jpg 1 5 16 54 34
0040_0010_0015_0069_0043.jpg 1 10 15 69 43
0041_0024_0024_0065_0040.jpg 1 24 24 65 40
0042_0009_0037_0053_0033.jpg 1 9 37 53 33
0043_0037_0048_0057_0035.jpg 1 37 48 57 35
0044_0017_0020_0066_0041.jpg 1 17 20 66 41
0045_0021_0053_0057_0035.jpg 1 21 53 57 35
0046_0023_0026_0069_0043.jpg 1 23 26 69 43
0047_0007_0033_0062_0038.jpg 1 7 33 62 38
0048_0021_0034_0060_0038.jpg 1 21 34 60 38
0049_0010_0011_0061_0038.jpg 1 10 11 61 38
0050_0008_0056_0052_0032.jpg 1 8 56 52 32
0051_0024_0035_0051_0032.jpg 1 24 35 51 32
0052_0021_0035_0064_0040.jpg 1 21 35 64 40
0053_0018_0013_0067_0042.jpg 1 18 13 67 42
0054_0005_0023_0061_0038.jpg 1 5 23 61 38
0055_0032_0056_0058_0036.jpg 1 32 56 58 36
0056_0021_0024_0057_0035.jpg 1 21 24 57 35
0057_0020_0038_0060_0037.jpg 1 20 38 60 37
0058_0010_0013_0068_0042.jpg 1 10 13 68 42
0059_0003_0017_0069_0043.jpg 1 3 17 69 43
0060_0024_0057_0058_0036.jpg 1 24 57 58 36
0061_0013_0015_0068_0042.jpg 1 13 15 68 42
0062_0011_0038_0049_0030.jpg 1 11 38 49 30
0063_0029_0008_0067_0041.jpg 1 29 8 67 41
0064_0012_0042_0063_0039.jpg 1 12 42 63 39
0065_0038_0058_0048_0030.jpg 1 38 58 48 30
0066_0027_0034_0068_0042.jpg 1 27 34 68 42
0067_0019_0020_0065_0041.jpg 1 19 20 65 41
0068_0010_0017_0053_0033.jpg 1 10 17 53 33
0069_0017_0020_0052_0032.jpg 1 17 20 52 32
0070_0027_0022_0064_0040.jpg 1 27 22 64 40
0071_0009_0052_0060_0038.jpg 1 9 52 60 38
0072_0012_0035_0050_0031.jpg 1 12 35 50 31
0073_0027_0049_0059_0037.jpg 1 27 49 59 37
0074_0037_0033_0058_0036.jpg 1 37 33 58 36
0075_0018_0042_0065_0040.jpg 1 18 42 65 40
0076_0024_0009_0052_0032.jpg 1 24 9 52 32
0077_0007_0019_0064_0040.jpg 1 7 19 64 40
0078_0013_0013_0059_0037.jpg 1 13 13 59 37
0079_0026_0043_0063_0039.jpg 1 26 43 63 39
0080_0007_0058_0048_0030.jpg 1 7 58 48 30
0081_0023_0055_0059_0037.jpg 1 23 55 59 37
0082_0009_0028_0067_0042.jpg 1 9 28 67 42
0083_0022_0032_0066_0041.jpg 1 22 32 66 41
0084_0024_0049_0069_0043.jpg 1 24 49 69 43
0085_0012_0047_0064_0040.jpg 1 12 47 64 40
0086_0007_0029_0055_0034.jpg 1 7 29 55 34
0087_0013_0018_0067_0042.jpg 1 13 18 67 42
0088_0023_0054_0052_0032.jpg 1 23 54 52 32
0089_0013_0014_0054_0034.jpg 1 13 14 54 34
0090_0038_0058_0053_0033.jpg 1 38 58 53 33
0091_0034_0014_0057_0035.jpg 1 34 14 57 35
0092_0023_0014_0064_0040.jpg 1 23 14 64 40
0093_0012_0030_0057_0035.jpg 1 12 30 57 35
0094_0009_0044_0065_0040.jpg 1 9 44 65 40
0095_0025_0027_0059_0037.jpg 1 25 27 59 37
0096_0030_0012_0062_0039.jpg 1 30 12 62 39
0097_0015_0033_0069_0043.jpg 1 15 33 69 43
0098_0019_0028_0064_0040.jpg 1 19 28 64 40
0099_0015_0038_0048_0030.jpg 1 15 38 48 30
0100_0007_0030_0066_0041.jpg 1 7 30 66 41
0101_0025_0042_0066_0041.jpg 1 25 42 66 41
0102_0034_0012_0059_0037.jpg 1 34 12 59 37
0103_0025_0032_0057_0035.jpg 1 25 32 57 35
0104_0040_0017_0050_0031.jpg 1 40 17 50 31
0105_0017_0054_0048_0030.jpg 1 17 54 48 30
0106_0008_0031_0066_0041.jpg 1 8 31 66 41
0107_0027_0042_0055_0034.jpg 1 27 42 55 34
0108_0005_0034_0069_0043.jpg 1 5 34 69 43
0109_0010_0011_0067_0042.jpg 1 10 11 67 42
0110_0016_0051_0056_0035.jpg 1 16 51 56 35
0111_0026_0018_0063_0039.jpg 1 26 18 63 39
0112_0016_0006_0059_0036.jpg 1 16 6 59 36
0113_0011_0015_0066_0041.jpg 1 11 15 66 41
0114_0008_0007_0053_0033.jpg 1 8 7 53 33
0115_0016_0025_0064_0040.jpg 1 16 25 64 40
0116_0014_0050_0061_0038.jpg 1 14 50 61 38
0117_0028_0029_0066_0041.jpg 1 28 29 66 41
0118_0034_0007_0048_0030.jpg 1 34 7 48 30
0119_0024_0030_0066_0041.jpg 1 24 30 66 41
0120_0003_0024_0068_0042.jpg 1 3 24 68 42
0121_0028_0027_0066_0041.jpg 1 28 27 66 41
0122_0009_0047_0068_0042.jpg 1 9 47 68 42
0123_0014_0015_0054_0034.jpg 1 14 15 54 34
0124_0019_0053_0065_0040.jpg 1 19 53 65 40
0125_0014_0037_0057_0035.jpg 1 14 37 57 35
0126_0026_0020_0050_0031.jpg 1 26 20 50 31
0127_0018_0006_0069_0043.jpg 1 18 6 69 43
0128_0012_0025_0063_0039.jpg 1 12 25 63 39
0129_0003_0046_0069_0043.jpg 1 3 46 69 43
0130_0012_0034_0063_0039.jpg 1 12 34 63 39
0131_0009_0032_0056_0035.jpg 1 9 32 56 35
0132_0042_0059_0051_0032.jpg 1 42 59 51 32
0133_0008_0018_0048_0030.jpg 1 8 18 48 30
0134_0017_0034_0069_0043.jpg 1 17 34 69 43
0135_0021_0034_0064_0040.jpg 1 21 34 64 40
0136_0013_0041_0069_0043.jpg 1 13 41 69 43
0137_0026_0043_0065_0040.jpg 1 26 43 65 40
0138_0014_0027_0050_0031.jpg 1 14 27 50 31
0139_0007_0022_0064_0040.jpg 1 7 22 64 40
0140_0005_0050_0061_0038.jpg 1 5 50 61 38
0141_0032_0007_0061_0038.jpg 1 32 7 61 38
0142_0008_0034_0057_0035.jpg 1 8 34 57 35
0143_0013_0038_0067_0042.jpg 1 13 38 67 42
0144_0006_0007_0059_0037.jpg 1 6 7 59 37
0145_0031_0056_0060_0037.jpg 1 31 56 60 37
0146_0003_0043_0068_0042.jpg 1 3 43 68 42
0147_0034_0041_0050_0031.jpg 1 34 41 50 31
0148_0018_0030_0062_0038.jpg 1 18 30 62 38
0149_0018_0026_0055_0034.jpg 1 18 26 55 34
0150_0032_0006_0061_0038.jpg 1 32 6 61 38
0151_0017_0016_0052_0032.jpg 1 17 16 52 32
0152_0024_0016_0059_0037.jpg 1 24 16 59 37
0153_0035_0044_0049_0030.jpg 1 35 44 49 30
0154_0015_0008_0062_0039.jpg 1 15 8 62 39
0155_0009_0030_0069_0043.jpg 1 9 30 69 43
0156_0008_0010_0056_0035.jpg 1 8 10 56 35
0157_0013_0050_0061_0038.jpg 1 13 50 61 38
0158_0033_0032_0061_0038.jpg 1 33 32 61 38
0159_0017_0014_0069_0043.jpg 1 17 14 69 43
0160_0009_0032_0066_0041.jpg 1 9 32 66 41
0161_0016_0051_0056_0035.jpg 1 16 51 56 35
0162_0028_0051_0067_0042.jpg 1 28 51 67 42
0163_0007_0051_0057_0036.jpg 1 7 51 57 36
0164_0015_0051_0054_0034.jpg 1 15 51 54 34
0165_0015_0034_0067_0042.jpg 1 15 34 67 42
0166_0039_0053_0048_0030.jpg 1 39 53 48 30
0167_0009_0018_0057_0035.jpg 1 9 18 57 35
0168_0022_0054_0056_0035.jpg 1 22 54 56 35
0169_0005_0025_0052_0033.jpg 1 5 25 52 33
0170_0030_0046_0053_0033.jpg 1 30 46 53 33
0171_0009_0008_0069_0043.jpg 1 9 8 69 43
0172_0024_0023_0064_0040.jpg 1 24 23 64 40
0173_0010_0016_0069_0043.jpg 1 10 16 69 43
0174_0029_0022_0061_0038.jpg 1 29 22 61 38
0175_0025_0029_0061_0038.jpg 1 25 29 61 38
0176_0027_0051_0058_0036.jpg 1 27 51 58 36
0177_0008_0025_0061_0038.jpg 1 8 25 61 38
0178_0030_0008_0057_0035.jpg 1 30 8 57 35
0179_0011_0007_0052_0032.jpg 1 11 7 52 32
0180_0012_0038_0064_0040.jpg 1 12 38 64 40
0181_0013_0039_0060_0037.jpg 1 13 39 60 37
0182_0020_0029_0050_0031.jpg 1 20 29 50 31
0183_0020_0036_0065_0040.jpg 1 20 36 65 40
0184_0018_0011_0068_0042.jpg 1 18 11 68 42
0185_0034_0056_0054_0033.jpg 1 34 56 54 33
0186_0006_0021_0064_0040.jpg 1 6 21 64 40
0187_0022_0025_0069_0043.jpg 1 22 25 69 43
0188_0026_0034_0049_0031.jpg 1 26 34 49 31
0189_0007_0023_0054_0034.jpg 1 7 23 54 34
0190_0016_0024_0054_0034.jpg 1 16 24 54 34
0191_0040_0007_0051_0032.jpg 1 40 7 51 32
0192_0023_0028_0067_0042.jpg 1 23 28 67 42
0193_0023_0039_0065_0040.jpg 1 23 39 65 40
0194_0023_0007_0052_0032.jpg 1 23 7 52 32
0195_0009_0033_0049_0031.jpg 1 9 33 49 31
0196_0008_0048_0054_0034.jpg 1 8 48 54 34
0197_0020_0030_0055_0034.jpg 1 20 30 55 34
0198_0024_0033_0063_0039.jpg 1 24 33 63 39
0199_0018_0018_0058_0036.jpg 1 18 18 58 36
0200_0020_0045_0059_0037.jpg 1 20 45 59 37
0201_0041_0007_0054_0034.jpg 1 41 7 54 34
0202_0031_0059_0048_0030.jpg 1 31 59 48 30
0203_0027_0058_0049_0030.jpg 1 27 58 49 30
0204_0014_0033_0063_0039.jpg 1 14 33 63 39
0205_0019_0019_0049_0030.jpg 1 19 19 49 30
0206_0013_0052_0068_0042.jpg 1 13 52 68 42
0207_0044_0050_0048_0030.jpg 1 44 50 48 30
0208_0012_0021_0067_0041.jpg 1 12 21 67 41
0209_0005_0048_0068_0042.jpg 1 5 48 68 42
0210_0029_0036_0062_0038.jpg 1 29 36 62 38
0211_0018_0032_0052_0033.jpg 1 18 32 52 33
0212_0026_0051_0063_0039.jpg 1 26 51 63 39
0213_0020_0044_0051_0031.jpg 1 20 44 51 31
0214_0015_0030_0057_0036.jpg 1 15 30 57 36
0215_0027_0006_0050_0031.jpg 1 27 6 50 31
0216_0024_0042_0063_0039.jpg 1 24 42 63 39
0217_0018_0025_0069_0043.jpg 1 18 25 69 43
0218_0009_0023_0057_0036.jpg 1 9 23 57 36
0219_0009_0050_0057_0035.jpg 1 9 50 57 35
0220_0010_0040_0065_0041.jpg 1 10 40 65 41
0221_0014_0043_0068_0042.jpg 1 14 43 68 42
0222_0031_0055_0048_0030.jpg 1 31 55 48 30
0223_0021_0044_0058_0036.jpg 1 21 44 58 36
0224_0009_0049_0055_0034.jpg 1 9 49 55 34
0225_0038_0037_0055_0034.jpg 1 38 37 55 34
0226_0023_0010_0060_0037.jpg 1 23 10 60 37
0227_0026_0033_0050_0031.jpg 1 26 33 50 31
0228_0037_0024_0057_0035.jpg 1 37 24 57 35
0229_0022_0047_0062_0038.jpg 1 22 47 62 38
0230_0010_0044_0065_0041.jpg 1 10 44 65 41
0231_0024_0051_0053_0033.jpg 1 24 51 53 33
0232_0031_0035_0051_0032.jpg 1 31 35 51 32
0233_0007_0045_0053_0033.jpg 1 7 45 53 33
0234_0005_0016_0052_0032.jpg 1 5 16 52 32
0235_0023_0042_0066_0041.jpg 1 23 42 66 41
0236_0032_0007_0059_0037.jpg 1 32 7 59 37
0237_0014_0039_0050_0031.jpg 1 14 39 50 31
0238_0005_0012_0065_0041.jpg 1 5 12 65 41
0239_0013_0055_0058_0036.jpg 1 13 55 58 36
0240_0024_0007_0048_0030.jpg 1 24 7 48 30
0241_0004_0018_0065_0040.jpg 1 4 18 65 40
0242_0011_0052_0066_0041.jpg 1 11 52 66 41
0243_0012_0028_0056_0035.jpg 1 12 28 56 35
0244_0019_0016_0048_0030.jpg 1 19 16 48 30
0245_0023_0031_0051_0032.jpg 1 23 31 51 32
0246_0030_0027_0066_0041.jpg 1 30 27 66 41
0247_0010_0028_0062_0039.jpg 1 10 28 62 39
0248_0013_0010_0056_0035.jpg 1 13 10 56 35
0249_0021_0047_0067_0042.jpg 1 21 47 67 42
0250_0011_0049_0062_0039.jpg 1 11 49 62 39
0251_0010_0039_0057_0035.jpg 1 10 39 57 35
0252_0032_0015_0059_0037.jpg 1 32 15 59 37
0253_0036_0049_0058_0036.jpg 1 36 49 58 36
0254_0032_0060_0049_0030.jpg 1 32 60 49 30
0255_0036_0035_0056_0035.jpg 1 36 35 56 35
0256_0021_0037_0059_0037.jpg 1 21 37 59 37
