0001_0016_0009_0056_0035.jpg 1 16 9 56 35
0002_0031_0035_0053_0033.jpg 1 31 35 53 33
0003_0020_0028_0053_0033.jpg 1 20 28 53 33
0004_0036_0035_0058_0036.jpg 1 36 35 58 36
0005_0021_0030_0064_0040.jpg 1 21 30 64 40
0006_0044_0028_0050_0031.jpg 1 44 28 50 31
0007_0019_0051_0062_0039.jpg 1 19 51 62 39
0008_0027_0010_0067_0042.jpg 1 27 10 67 42
0009_0025_0016_0049_0031.jpg 1 25 16 49 31
0010_0019_0039_0059_0037.jpg 1 19 39 59 37
0011_0015_0050_0053_0033.jpg 1 15 50 53 33
0012_0014_0034_0053_0033.jpg 1 14 34 53 33
0013_0029_0031_0067_0042.jpg 1 29 31 67 42
0014_0019_0016_0068_0043.jpg 1 19 16 68 43
0015_0012_0035_0048_0030.jpg 1 12 35 48 30
0016_0023_0028_0055_0034.jpg 1 23 28 55 34
0017_0025_0030_0058_0036.jpg 1 25 30 58 36
0018_0026_0033_0067_0042.jpg 1 26 33 67 42
0019_0022_0049_0067_0042.jpg 1 22 49 67 42
0020_0024_0020_0068_0042.jpg 1 24 20 68 42
0021_0038_0059_0051_0032.jpg 1 38 59 51 32
0022_0007_0025_0065_0041.jpg 1 7 25 65 41
0023_0012_0011_0057_0035.jpg 1 12 11 57 35
0024_0015_0039_0057_0036.jpg 1 15 39 57 36
0025_0044_0013_0049_0030.jpg 1 44 13 49 30
0026_0014_0033_0066_0041.jpg 1 14 33 66 41
0027_0012_0035_0065_0040.jpg 1 12 35 65 40
0028_0017_0012_0060_0037.jpg 1 17 12 60 37
0029_0007_0023_0067_0041.jpg 1 7 23 67 41
0030_0042_0025_0050_0031.jpg 1 42 25 50 31
0031_0017_0017_0053_0033.jpg 1 17 17 53 33
0032_0032_0021_0056_0035.jpg 1 32 21 56 35
0033_0006_0009_0054_0033.jpg 1 6 9 54 33
0034_0016_0057_0052_0032.jpg 1 16 57 52 32
0035_0005_0008_0066_0041.jpg 1 5 8 66 41
0036_0013_0036_0067_0042.jpg 1 13 36 67 42
0037_0034_0015_0048_0030.jpg 1 34 15 48 30
0038_0041_0046_0054_0034.jpg 1 41 46 54 34
0039_0036_0052_0057_0036.jpg 1 36 52 57 36
0040_0030_0038_0062_0038.jpg 1 30 38 62 38
0041_0033_0035_0053_0033.jpg 1 33 35 53 33
0042_0030_0007_0064_0040.jpg 1 30 7 64 40
0043_0019_0061_0050_0031.jpg 1 19 61 50 31
0044_0013_0041_0062_0039.jpg 1 13 41 62 39
0045_0037_0008_0055_0034.jpg 1 37 8 55 34
0046_0026_0038_0062_0039.jpg 1 26 38 62 39
0047_0011_0026_0048_0030.jpg 1 11 26 48 30
0048_0029_0008_0066_0041.jpg 1 29 8 66 41
0049_0025_0022_0068_0042.jpg 1 25 22 68 42
0050_0022_0045_0067_0042.jpg 1 22 45 67 42
0051_0029_0013_0057_0035.jpg 1 29 13 57 35
0052_0028_0021_0062_0039.jpg 1 28 21 62 39
0053_0020_0055_0060_0037.jpg 1 20 55 60 37
0054_0034_0021_0051_0032.jpg 1 34 21 51 32
0055_0018_0009_0068_0042.jpg 1 18 9 68 42
0056_0024_0049_0048_0030.jpg 1 24 49 48 30
0057_0008_0026_0061_0038.jpg 1 8 26 61 38
0058_0007_0055_0051_0031.jpg 1 7 55 51 31
0059_0007_0021_0067_0041.jpg 1 7 21 67 41
0060_0017_0052_0048_0030.jpg 1 17 52 48 30
0061_0008_0033_0049_0031.jpg 1 8 33 49 31
0062_0027_0027_0059_0037.jpg 1 27 27 59 37
0063_0021_0035_0049_0031.jpg 1 21 35 49 31
0064_0010_0008_0057_0035.jpg 1 10 8 57 35
0065_0023_0053_0064_0040.jpg 1 23 53 64 40
0066_0017_0030_0068_0042.jpg 1 17 30 68 42
0067_0007_0028_0064_0040.jpg 1 7 28 64 40
0068_0013_0045_0066_0041.jpg 1 13 45 66 41
0069_0016_0006_0067_0042.jpg 1 16 6 67 42
0070_0003_0020_0068_0042.jpg 1 3 20 68 42
0071_0032_0030_0048_0030.jpg 1 32 30 48 30
0072_0025_0034_0057_0036.jpg 1 25 34 57 36
0073_0015_0053_0065_0040.jpg 1 15 53 65 40
0074_0026_0022_0052_0032.jpg 1 26 22 52 32
0075_0015_0037_0068_0043.jpg 1 15 37 68 43
0076_0016_0029_0061_0038.jpg 1 16 29 61 38
0077_0027_0033_0065_0041.jpg 1 27 33 65 41
0078_0020_0029_0053_0033.jpg 1 20 29 53 33
0079_0027_0015_0053_0033.jpg 1 27 15 53 33
0080_0014_0007_0064_0040.jpg 1 14 7 64 40
0081_0030_0054_0056_0035.jpg 1 30 54 56 35
0082_0025_0031_0055_0034.jpg 1 25 31 55 34
0083_0027_0031_0048_0030.jpg 1 27 31 48 30
0084_0022_0048_0052_0032.jpg 1 22 48 52 32
0085_0025_0032_0053_0033.jpg 1 25 32 53 33
0086_0024_0010_0057_0036.jpg 1 24 10 57 36
0087_0017_0010_0065_0040.jpg 1 17 10 65 40
0088_0026_0036_0058_0036.jpg 1 26 36 58 36
0089_0037_0031_0057_0035.jpg 1 37 31 57 35
0090_0007_0025_0050_0031.jpg 1 7 25 50 31
0091_0013_0029_0050_0031.jpg 1 13 29 50 31
0092_0023_0044_0057_0035.jpg 1 23 44 57 35
0093_0010_0033_0068_0043.jpg 1 10 33 68 43
0094_0023_0018_0067_0042.jpg 1 23 18 67 42
0095_0012_0029_0055_0034.jpg 1 12 29 55 34
0096_0006_0041_0061_0038.jpg 1 6 41 61 38
0097_0036_0051_0051_0032.jpg 1 36 51 51 32
0098_0017_0057_0054_0034.jpg 1 17 57 54 34
0099_0004_0019_0069_0043.jpg 1 4 19 69 43
0100_0007_0028_0054_0033.jpg 1 7 28 54 33
0101_0028_0008_0054_0034.jpg 1 28 8 54 34
0102_0025_0042_0048_0030.jpg 1 25 42 48 30
0103_0013_0011_0050_0031.jpg 1 13 11 50 31
0104_0034_0033_0055_0034.jpg 1 34 33 55 34
0105_0006_0031_0061_0038.jpg 1 6 31 61 38
0106_0031_0017_0052_0032.jpg 1 31 17 52 32
0107_0037_0051_0055_0034.jpg 1 37 51 55 34
0108_0030_0036_0048_0030.jpg 1 30 36 48 30
0109_0025_0033_0069_0043.jpg 1 25 33 69 43
0110_0030_0025_0062_0039.jpg 1 30 25 62 39
0111_0021_0008_0064_0040.jpg 1 21 8 64 40
0112_0026_0059_0055_0034.jpg 1 26 59 55 34
0113_0026_0059_0053_0033.jpg 1 26 59 53 33
0114_0032_0019_0058_0036.jpg 1 32 19 58 36
0115_0022_0023_0048_0030.jpg 1 22 23 48 30
0116_0014_0020_0060_0038.jpg 1 14 20 60 38
0117_0013_0041_0055_0034.jpg 1 13 41 55 34
0118_0018_0009_0066_0041.jpg 1 18 9 66 41
0119_0011_0022_0069_0043.jpg 1 11 22 69 43
0120_0024_0060_0052_0032.jpg 1 24 60 52 32
0121_0024_0015_0056_0035.jpg 1 24 15 56 35
0122_0025_0052_0049_0030.jpg 1 25 52 49 30
0123_0034_0050_0060_0038.jpg 1 34 50 60 38
0124_0011_0047_0051_0032.jpg 1 11 47 51 32
0125_0006_0023_0062_0038.jpg 1 6 23 62 38
0126_0011_0008_0069_0043.jpg 1 11 8 69 43
0127_0010_0016_0067_0042.jpg 1 10 16 67 42
0128_0012_0036_0063_0039.jpg 1 12 36 63 39
