0001_0017_0021_0064_0040.jpg 1 17 21 64 40
0002_0031_0024_0062_0039.jpg 1 31 24 62 39
0003_0024_0022_0051_0032.jpg 1 24 22 51 32
0004_0030_0016_0062_0039.jpg 1 30 16 62 39
0005_0005_0049_0059_0037.jpg 1 5 49 59 37
0006_0009_0042_0050_0031.jpg 1 9 42 50 31
0007_0005_0031_0065_0041.jpg 1 5 31 65 41
0008_0025_0010_0052_0032.jpg 1 25 10 52 32
0009_0023_0025_0051_0032.jpg 1 23 25 51 32
0010_0039_0057_0055_0034.jpg 1 39 57 55 34
0011_0030_0051_0054_0034.jpg 1 30 51 54 34
0012_0028_0015_0058_0036.jpg 1 28 15 58 36
0013_0022_0011_0052_0032.jpg 1 22 11 52 32
0014_0010_0009_0069_0043.jpg 1 10 9 69 43
0015_0028_0011_0056_0035.jpg 1 28 11 56 35
0016_0028_0055_0057_0035.jpg 1 28 55 57 35
0017_0017_0009_0055_0034.jpg 1 17 9 55 34
0018_0031_0050_0048_0030.jpg 1 31 50 48 30
0019_0030_0018_0055_0034.jpg 1 30 18 55 34
0020_0022_0038_0052_0032.jpg 1 22 38 52 32
0021_0042_0057_0052_0033.jpg 1 42 57 52 33
0022_0018_0027_0066_0041.jpg 1 18 27 66 41
0023_0025_0034_0061_0038.jpg 1 25 34 61 38
0024_0015_0045_0055_0034.jpg 1 15 45 55 34
0025_0015_0031_0052_0032.jpg 1 15 31 52 32
0026_0021_0045_0064_0040.jpg 1 21 45 64 40
0027_0013_0035_0061_0038.jpg 1 13 35 61 38
0028_0037_0032_0056_0035.jpg 1 37 32 56 35
0029_0040_0015_0054_0034.jpg 1 40 15 54 34
0030_0005_0020_0065_0041.jpg 1 5 20 65 41
0031_0019_0029_0061_0038.jpg 1 19 29 61 38
0032_0007_0022_0063_0039.jpg 1 7 22 63 39
0033_0031_0037_0050_0031.jpg 1 31 37 50 31
0034_0006_0013_0059_0037.jpg 1 6 13 59 37
0035_0023_0011_0055_0034.jpg 1 23 11 55 34
0036_0017_0015_0051_0032.jpg 1 17 15 51 32
0037_0008_0029_0048_0030.jpg 1 8 29 48 30
0038_0015_0029_0051_0032.jpg 1 15 29 51 32
0039_0012_0035_0064_0040.jpg 1 12 35 64 40
0040_0019_0012_0068_0042.jpg 1 19 12 68 42
0041_0005_0043_0055_0034.jpg 1 5 43 55 34
0042_0003_0015_0068_0042.jpg 1 3 15 68 42
0043_0042_0021_0048_0030.jpg 1 42 21 48 30
0044_0005_0039_0064_0040.jpg 1 5 39 64 40
0045_0018_0010_0063_0039.jpg 1 18 10 63 39
0046_0033_0031_0059_0037.jpg 1 33 31 59 37
0047_0011_0040_0065_0040.jpg 1 11 40 65 40
0048_0013_0037_0056_0035.jpg 1 13 37 56 35
0049_0041_0029_0051_0032.jpg 1 41 29 51 32
0050_0011_0029_0059_0037.jpg 1 11 29 59 37
0051_0009_0040_0067_0042.jpg 1 9 40 67 42
0052_0035_0042_0059_0037.jpg 1 35 42 59 37
0053_0040_0015_0051_0032.jpg 1 40 15 51 32
0054_0025_0010_0063_0039.jpg 1 25 10 63 39
0055_0036_0012_0052_0033.jpg 1 36 12 52 33
0056_0032_0042_0061_0038.jpg 1 32 42 61 38
0057_0018_0016_0059_0037.jpg 1 18 16 59 37
0058_0017_0049_0052_0032.jpg 1 17 49 52 32
0059_0006_0008_0061_0038.jpg 1 6 8 61 38
0060_0020_0047_0068_0042.jpg 1 20 47 68 42
0061_0026_0014_0065_0040.jpg 1 26 14 65 40
0062_0013_0054_0056_0035.jpg 1 13 54 56 35
0063_0026_0009_0048_0030.jpg 1 26 9 48 30
0064_0009_0010_0057_0036.jpg 1 9 10 57 36
0065_0031_0025_0054_0033.jpg 1 31 25 54 33
0066_0023_0027_0068_0042.jpg 1 23 27 68 42
0067_0030_0050_0065_0041.jpg 1 30 50 65 41
0068_0009_0041_0051_0032.jpg 1 9 41 51 32
0069_0039_0023_0054_0034.jpg 1 39 23 54 34
0070_0013_0010_0057_0035.jpg 1 13 10 57 35
0071_0032_0014_0056_0035.jpg 1 32 14 56 35
0072_0028_0014_0051_0032.jpg 1 28 14 51 32
0073_0022_0041_0058_0036.jpg 1 22 41 58 36
0074_0031_0039_0060_0037.jpg 1 31 39 60 37
0075_0010_0010_0055_0034.jpg 1 10 10 55 34
0076_0017_0054_0053_0033.jpg 1 17 54 53 33
0077_0015_0024_0063_0039.jpg 1 15 24 63 39
0078_0011_0031_0068_0042.jpg 1 11 31 68 42
0079_0015_0025_0067_0042.jpg 1 15 25 67 42
0080_0021_0012_0048_0030.jpg 1 21 12 48 30
0081_0012_0035_0062_0039.jpg 1 12 35 62 39
0082_0021_0007_0068_0042.jpg 1 21 7 68 42
0083_0027_0052_0058_0036.jpg 1 27 52 58 36
0084_0008_0019_0055_0034.jpg 1 8 19 55 34
0085_0039_0046_0054_0034.jpg 1 39 46 54 34
0086_0027_0010_0065_0040.jpg 1 27 10 65 40
0087_0015_0026_0061_0038.jpg 1 15 26 61 38
0088_0032_0031_0058_0036.jpg 1 32 31 58 36
0089_0034_0039_0057_0035.jpg 1 34 39 57 35
0090_0019_0028_0063_0039.jpg 1 19 28 63 39
0091_0031_0037_0056_0035.jpg 1 31 37 56 35
0092_0023_0036_0061_0038.jpg 1 23 36 61 38
0093_0020_0051_0053_0033.jpg 1 20 51 53 33
0094_0015_0038_0063_0039.jpg 1 15 38 63 39
0095_0010_0016_0066_0041.jpg 1 10 16 66 41
0096_0027_0006_0065_0040.jpg 1 27 6 65 40
0097_0034_0028_0062_0038.jpg 1 34 28 62 38
0098_0029_0028_0050_0031.jpg 1 29 28 50 31
0099_0029_0040_0065_0041.jpg 1 29 40 65 41
0100_0016_0048_0069_0043.jpg 1 16 48 69 43
0101_0026_0025_0060_0038.jpg 1 26 25 60 38
0102_0005_0022_0059_0037.jpg 1 5 22 59 37
0103_0010_0012_0057_0036.jpg 1 10 12 57 36
0104_0040_0015_0054_0034.jpg 1 40 15 54 34
0105_0039_0042_0055_0034.jpg 1 39 42 55 34
0106_0028_0043_0058_0036.jpg 1 28 43 58 36
0107_0024_0045_0065_0040.jpg 1 24 45 65 40
0108_0009_0032_0067_0041.jpg 1 9 32 67 41
0109_0011_0022_0064_0040.jpg 1 11 22 64 40
0110_0030_0028_0066_0041.jpg 1 30 28 66 41
0111_0010_0050_0069_0043.jpg 1 10 50 69 43
0112_0008_0010_0061_0038.jpg 1 8 10 61 38
0113_0023_0037_0055_0034.jpg 1 23 37 55 34
0114_0017_0025_0069_0043.jpg 1 17 25 69 43
0115_0011_0015_0056_0035.jpg 1 11 15 56 35
0116_0007_0021_0066_0041.jpg 1 7 21 66 41
0117_0026_0019_0069_0043.jpg 1 26 19 69 43
0118_0004_0029_0064_0040.jpg 1 4 29 64 40
0119_0020_0043_0054_0034.jpg 1 20 43 54 34
0120_0012_0033_0059_0037.jpg 1 12 33 59 37
0121_0024_0040_0048_0030.jpg 1 24 40 48 30
0122_0023_0039_0066_0041.jpg 1 23 39 66 41
0123_0005_0037_0062_0038.jpg 1 5 37 62 38
0124_0014_0048_0061_0038.jpg 1 14 48 61 38
0125_0011_0044_0062_0038.jpg 1 11 44 62 38
0126_0037_0032_0050_0031.jpg 1 37 32 50 31
0127_0036_0013_0052_0032.jpg 1 36 13 52 32
0128_0036_0019_0051_0031.jpg 1 36 19 51 31
