0001_0026_0045_0055_0034.jpg 1 26 45 55 34
0002_0005_0009_0059_0037.jpg 1 5 9 59 37
0003_0040_0012_0054_0033.jpg 1 40 12 54 33
0004_0022_0050_0051_0032.jpg 1 22 50 51 32
0005_0036_0009_0055_0034.jpg 1 36 9 55 34
0006_0027_0054_0060_0037.jpg 1 27 54 60 37
0007_0008_0037_0057_0035.jpg 1 8 37 57 35
0008_0011_0012_0067_0041.jpg 1 11 12 67 41
0009_0039_0012_0052_0032.jpg 1 39 12 52 32
0010_0036_0034_0057_0036.jpg 1 36 34 57 36
0011_0017_0010_0053_0033.jpg 1 17 10 53 33
0012_0035_0056_0059_0037.jpg 1 35 56 59 37
0013_0022_0024_0069_0043.jpg 1 22 24 69 43
0014_0041_0045_0049_0030.jpg 1 41 45 49 30
0015_0024_0045_0057_0036.jpg 1 24 45 57 36
0016_0006_0006_0065_0041.jpg 1 6 6 65 41
0017_0021_0056_0053_0033.jpg 1 21 56 53 33
0018_0010_0026_0051_0032.jpg 1 10 26 51 32
0019_0016_0019_0057_0036.jpg 1 16 19 57 36
0020_0015_0037_0068_0042.jpg 1 15 37 68 42
0021_0029_0023_0064_0040.jpg 1 29 23 64 40
0022_0024_0050_0057_0035.jpg 1 24 50 57 35
0023_0007_0049_0068_0043.jpg 1 7 49 68 43
0024_0012_0011_0062_0039.jpg 1 12 11 62 39
0025_0040_0049_0050_0031.jpg 1 40 49 50 31
0026_0040_0019_0054_0033.jpg 1 40 19 54 33
0027_0023_0006_0067_0042.jpg 1 23 6 67 42
0028_0014_0051_0048_0030.jpg 1 14 51 48 30
0029_0019_0012_0062_0038.jpg 1 19 12 62 38
0030_0016_0028_0049_0030.jpg 1 16 28 49 30
0031_0008_0008_0066_0041.jpg 1 8 8 66 41
0032_0021_0044_0052_0032.jpg 1 21 44 52 32
0033_0038_0060_0050_0031.jpg 1 38 60 50 31
0034_0038_0033_0056_0035.jpg 1 38 33 56 35
0035_0005_0022_0062_0039.jpg 1 5 22 62 39
0036_0039_0031_0052_0033.jpg 1 39 31 52 33
0037_0009_0027_0053_0033.jpg 1 9 27 53 33
0038_0009_0013_0060_0038.jpg 1 9 13 60 38
0039_0037_0036_0051_0032.jpg 1 37 36 51 32
0040_0016_0042_0060_0037.jpg 1 16 42 60 37
0041_0040_0022_0049_0031.jpg 1 40 22 49 31
0042_0031_0045_0052_0032.jpg 1 31 45 52 32
0043_0018_0006_0069_0043.jpg 1 18 6 69 43
0044_0016_0028_0051_0032.jpg 1 16 28 51 32
0045_0011_0058_0049_0031.jpg 1 11 58 49 31
0046_0033_0008_0057_0036.jpg 1 33 8 57 36
0047_0035_0011_0058_0036.jpg 1 35 11 58 36
0048_0006_0021_0048_0030.jpg 1 6 21 48 30
0049_0021_0053_0064_0040.jpg 1 21 53 64 40
0050_0018_0052_0061_0038.jpg 1 18 52 61 38
0051_0006_0060_0049_0031.jpg 1 6 60 49 31
0052_0029_0013_0066_0041.jpg 1 29 13 66 41
0053_0008_0038_0069_0043.jpg 1 8 38 69 43
0054_0030_0036_0065_0041.jpg 1 30 36 65 41
0055_0003_0036_0069_0043.jpg 1 3 36 69 43
0056_0026_0028_0058_0036.jpg 1 26 28 58 36
0057_0029_0050_0052_0032.jpg 1 29 50 52 32
0058_0040_0018_0055_0034.jpg 1 40 18 55 34
0059_0037_0019_0049_0030.jpg 1 37 19 49 30
0060_0018_0059_0053_0033.jpg 1 18 59 53 33
0061_0017_0043_0065_0041.jpg 1 17 43 65 41
0062_0038_0050_0049_0030.jpg 1 38 50 49 30
0063_0027_0051_0068_0042.jpg 1 27 51 68 42
0064_0029_0045_0064_0040.jpg 1 29 45 64 40
0065_0023_0015_0060_0037.jpg 1 23 15 60 37
0066_0043_0035_0051_0032.jpg 1 43 35 51 32
0067_0024_0033_0061_0038.jpg 1 24 33 61 38
0068_0015_0047_0048_0030.jpg 1 15 47 48 30
0069_0029_0043_0048_0030.jpg 1 29 43 48 30
0070_0011_0009_0065_0040.jpg 1 11 9 65 40
0071_0010_0040_0065_0040.jpg 1 10 40 65 40
0072_0012_0036_0062_0038.jpg 1 12 36 62 38
0073_0014_0019_0052_0032.jpg 1 14 19 52 32
0074_0032_0022_0063_0039.jpg 1 32 22 63 39
0075_0043_0029_0049_0031.jpg 1 43 29 49 31
0076_0024_0037_0062_0039.jpg 1 24 37 62 39
0077_0026_0044_0069_0043.jpg 1 26 44 69 43
0078_0014_0019_0064_0040.jpg 1 14 19 64 40
0079_0025_0010_0059_0037.jpg 1 25 10 59 37
0080_0022_0043_0053_0033.jpg 1 22 43 53 33
0081_0023_0021_0062_0038.jpg 1 23 21 62 38
0082_0006_0031_0067_0042.jpg 1 6 31 67 42
0083_0009_0043_0059_0036.jpg 1 9 43 59 36
0084_0010_0043_0056_0035.jpg 1 10 43 56 35
0085_0016_0011_0061_0038.jpg 1 16 11 61 38
0086_0019_0025_0055_0034.jpg 1 19 25 55 34
0087_0033_0028_0062_0038.jpg 1 33 28 62 38
0088_0011_0038_0061_0038.jpg 1 11 38 61 38
0089_0005_0031_0050_0031.jpg 1 5 31 50 31
0090_0018_0039_0069_0043.jpg 1 18 39 69 43
0091_0009_0025_0059_0037.jpg 1 9 25 59 37
0092_0005_0036_0054_0034.jpg 1 5 36 54 34
0093_0011_0028_0063_0039.jpg 1 11 28 63 39
0094_0014_0032_0067_0042.jpg 1 14 32 67 42
0095_0008_0051_0061_0038.jpg 1 8 51 61 38
0096_0019_0040_0068_0043.jpg 1 19 40 68 43
0097_0033_0043_0054_0034.jpg 1 33 43 54 34
0098_0024_0022_0066_0041.jpg 1 24 22 66 41
0099_0013_0042_0061_0038.jpg 1 13 42 61 38
0100_0040_0013_0050_0031.jpg 1 40 13 50 31
0101_0024_0033_0054_0033.jpg 1 24 33 54 33
0102_0012_0044_0052_0032.jpg 1 12 44 52 32
0103_0033_0038_0055_0034.jpg 1 33 38 55 34
0104_0029_0043_0052_0033.jpg 1 29 43 52 33
0105_0032_0028_0058_0036.jpg 1 32 28 58 36
0106_0004_0045_0059_0037.jpg 1 4 45 59 37
0107_0031_0028_0059_0036.jpg 1 31 28 59 36
0108_0024_0015_0062_0038.jpg 1 24 15 62 38
0109_0011_0050_0062_0038.jpg 1 11 50 62 38
0110_0004_0048_0064_0040.jpg 1 4 48 64 40
0111_0027_0006_0052_0032.jpg 1 27 6 52 32
0112_0034_0019_0060_0037.jpg 1 34 19 60 37
0113_0013_0060_0052_0032.jpg 1 13 60 52 32
0114_0026_0022_0055_0034.jpg 1 26 22 55 34
0115_0020_0036_0055_0034.jpg 1 20 36 55 34
0116_0015_0018_0051_0032.jpg 1 15 18 51 32
0117_0013_0042_0064_0040.jpg 1 13 42 64 40
0118_0023_0045_0069_0043.jpg 1 23 45 69 43
0119_0035_0043_0057_0036.jpg 1 35 43 57 36
0120_0034_0046_0061_0038.jpg 1 34 46 61 38
0121_0016_0043_0057_0035.jpg 1 16 43 57 35
0122_0011_0037_0068_0043.jpg 1 11 37 68 43
0123_0019_0036_0059_0037.jpg 1 19 36 59 37
0124_0042_0013_0052_0032.jpg 1 42 13 52 32
0125_0032_0031_0049_0030.jpg 1 32 31 49 30
0126_0005_0025_0059_0037.jpg 1 5 25 59 37
0127_0006_0046_0050_0031.jpg 1 6 46 50 31
0128_0018_0011_0049_0031.jpg 1 18 11 49 31
