0001_0028_0040_0066_0041.jpg 1 28 40 66 41
0002_0008_0035_0061_0038.jpg 1 8 35 61 38
0003_0023_0026_0065_0041.jpg 1 23 26 65 41
0004_0012_0027_0053_0033.jpg 1 12 27 53 33
0005_0021_0021_0069_0043.jpg 1 21 21 69 43
0006_0021_0009_0063_0039.jpg 1 21 9 63 39
0007_0006_0011_0052_0032.jpg 1 6 11 52 32
0008_0014_0047_0063_0039.jpg 1 14 47 63 39
0009_0026_0028_0069_0043.jpg 1 26 28 69 43
0010_0031_0046_0065_0041.jpg 1 31 46 65 41
0011_0037_0027_0052_0032.jpg 1 37 27 52 32
0012_0023_0040_0052_0032.jpg 1 23 40 52 32
0013_0006_0021_0058_0036.jpg 1 6 21 58 36
0014_0023_0050_0049_0030.jpg 1 23 50 49 30
0015_0040_0014_0054_0034.jpg 1 40 14 54 34
0016_0032_0048_0048_0030.jpg 1 32 48 48 30
0017_0009_0052_0057_0036.jpg 1 9 52 57 36
0018_0032_0060_0048_0030.jpg 1 32 60 48 30
0019_0013_0021_0068_0042.jpg 1 13 21 68 42
0020_0011_0049_0066_0041.jpg 1 11 49 66 41
0021_0028_0048_0051_0032.jpg 1 28 48 51 32
0022_0032_0020_0056_0035.jpg 1 32 20 56 35
0023_0036_0051_0049_0031.jpg 1 36 51 49 31
0024_0037_0050_0049_0031.jpg 1 37 50 49 31
0025_0013_0042_0055_0034.jpg 1 13 42 55 34
0026_0010_0019_0058_0036.jpg 1 10 19 58 36
0027_0022_0030_0049_0031.jpg 1 22 30 49 31
0028_0008_0034_0053_0033.jpg 1 8 34 53 33
0029_0034_0052_0055_0034.jpg 1 34 52 55 34
0030_0022_0057_0054_0033.jpg 1 22 57 54 33
0031_0004_0051_0057_0035.jpg 1 4 51 57 35
0032_0007_0030_0063_0039.jpg 1 7 30 63 39
0033_0015_0038_0065_0041.jpg 1 15 38 65 41
0034_0035_0031_0059_0037.jpg 1 35 31 59 37
0035_0030_0033_0055_0034.jpg 1 30 33 55 34
0036_0038_0050_0054_0033.jpg 1 38 50 54 33
0037_0022_0016_0067_0041.jpg 1 22 16 67 41
0038_0003_0006_0069_0043.jpg 1 3 6 69 43
0039_0027_0031_0066_0041.jpg 1 27 31 66 41
0040_0011_0013_0069_0043.jpg 1 11 13 69 43
0041_0046_0048_0048_0030.jpg 1 46 48 48 30
0042_0024_0012_0051_0032.jpg 1 24 12 51 32
0043_0032_0012_0057_0035.jpg 1 32 12 57 35
0044_0027_0058_0049_0030.jpg 1 27 58 49 30
0045_0030_0023_0052_0032.jpg 1 30 23 52 32
0046_0023_0023_0063_0039.jpg 1 23 23 63 39
0047_0007_0033_0062_0039.jpg 1 7 33 62 39
0048_0027_0047_0068_0042.jpg 1 27 47 68 42
0049_0018_0052_0056_0035.jpg 1 18 52 56 35
0050_0007_0018_0057_0035.jpg 1 7 18 57 35
0051_0019_0040_0067_0042.jpg 1 19 40 67 42
0052_0029_0016_0061_0038.jpg 1 29 16 61 38
0053_0036_0022_0054_0034.jpg 1 36 22 54 34
0054_0015_0047_0053_0033.jpg 1 15 47 53 33
0055_0005_0012_0062_0039.jpg 1 5 12 62 39
0056_0018_0022_0069_0043.jpg 1 18 22 69 43
0057_0007_0052_0066_0041.jpg 1 7 52 66 41
0058_0034_0043_0059_0037.jpg 1 34 43 59 37
0059_0014_0042_0065_0040.jpg 1 14 42 65 40
0060_0010_0040_0068_0043.jpg 1 10 40 68 43
0061_0032_0047_0049_0030.jpg 1 32 47 49 30
0062_0044_0048_0050_0031.jpg 1 44 48 50 31
0063_0027_0020_0048_0030.jpg 1 27 20 48 30
0064_0006_0022_0062_0039.jpg 1 6 22 62 39
0065_0035_0058_0052_0032.jpg 1 35 58 52 32
0066_0030_0020_0048_0030.jpg 1 30 20 48 30
0067_0039_0008_0054_0034.jpg 1 39 8 54 34
0068_0028_0008_0048_0030.jpg 1 28 8 48 30
0069_0024_0024_0058_0036.jpg 1 24 24 58 36
0070_0034_0052_0051_0031.jpg 1 34 52 51 31
0071_0004_0021_0060_0037.jpg 1 4 21 60 37
0072_0009_0060_0053_0033.jpg 1 9 60 53 33
0073_0007_0014_0049_0031.jpg 1 7 14 49 31
0074_0025_0048_0068_0042.jpg 1 25 48 68 42
0075_0014_0011_0048_0030.jpg 1 14 11 48 30
0076_0007_0044_0048_0030.jpg 1 7 44 48 30
0077_0036_0042_0058_0036.jpg 1 36 42 58 36
0078_0008_0048_0068_0042.jpg 1 8 48 68 42
0079_0018_0043_0055_0034.jpg 1 18 43 55 34
0080_0019_0014_0048_0030.jpg 1 19 14 48 30
0081_0028_0040_0061_0038.jpg 1 28 40 61 38
0082_0024_0033_0064_0040.jpg 1 24 33 64 40
0083_0029_0027_0059_0037.jpg 1 29 27 59 37
0084_0023_0054_0053_0033.jpg 1 23 54 53 33
0085_0010_0016_0059_0036.jpg 1 10 16 59 36
0086_0014_0024_0069_0043.jpg 1 14 24 69 43
0087_0007_0034_0053_0033.jpg 1 7 34 53 33
0088_0029_0031_0065_0040.jpg 1 29 31 65 40
0089_0015_0031_0059_0037.jpg 1 15 31 59 37
0090_0012_0050_0057_0035.jpg 1 12 50 57 35
0091_0022_0027_0050_0031.jpg 1 22 27 50 31
0092_0009_0035_0052_0033.jpg 1 9 35 52 33
0093_0031_0010_0053_0033.jpg 1 31 10 53 33
0094_0010_0021_0056_0035.jpg 1 10 21 56 35
0095_0017_0048_0068_0042.jpg 1 17 48 68 42
0096_0012_0011_0058_0036.jpg 1 12 11 58 36
0097_0033_0042_0051_0032.jpg 1 33 42 51 32
0098_0027_0027_0062_0039.jpg 1 27 27 62 39
0099_0034_0036_0053_0033.jpg 1 34 36 53 33
0100_0027_0031_0057_0036.jpg 1 27 31 57 36
0101_0028_0019_0066_0041.jpg 1 28 19 66 41
0102_0008_0020_0051_0032.jpg 1 8 20 51 32
0103_0031_0043_0052_0032.jpg 1 31 43 52 32
0104_0031_0023_0058_0036.jpg 1 31 23 58 36
0105_0025_0045_0048_0030.jpg 1 25 45 48 30
0106_0010_0057_0053_0033.jpg 1 10 57 53 33
0107_0018_0051_0055_0034.jpg 1 18 51 55 34
0108_0027_0029_0053_0033.jpg 1 27 29 53 33
0109_0007_0020_0053_0033.jpg 1 7 20 53 33
0110_0005_0032_0052_0032.jpg 1 5 32 52 32
0111_0018_0061_0050_0031.jpg 1 18 61 50 31
0112_0019_0010_0059_0037.jpg 1 19 10 59 37
0113_0040_0041_0052_0033.jpg 1 40 41 52 33
0114_0009_0011_0061_0038.jpg 1 9 11 61 38
0115_0013_0021_0067_0042.jpg 1 13 21 67 42
0116_0005_0025_0063_0039.jpg 1 5 25 63 39
0117_0029_0056_0048_0030.jpg 1 29 56 48 30
0118_0012_0051_0050_0031.jpg 1 12 51 50 31
0119_0018_0053_0064_0040.jpg 1 18 53 64 40
0120_0026_0052_0068_0042.jpg 1 26 52 68 42
0121_0032_0045_0053_0033.jpg 1 32 45 53 33
0122_0007_0046_0065_0041.jpg 1 7 46 65 41
0123_0013_0013_0060_0037.jpg 1 13 13 60 37
0124_0037_0015_0055_0034.jpg 1 37 15 55 34
0125_0013_0026_0056_0035.jpg 1 13 26 56 35
0126_0013_0025_0060_0037.jpg 1 13 25 60 37
0127_0014_0034_0068_0042.jpg 1 14 34 68 42
0128_0030_0036_0048_0030.jpg 1 30 36 48 30
