0001_0023_0019_0051_0032.jpg 1 23 19 51 32
0002_0036_0010_0057_0035.jpg 1 36 10 57 35
0003_0030_0044_0065_0040.jpg 1 30 44 65 40
0004_0009_0034_0048_0030.jpg 1 9 34 48 30
0005_0011_0014_0063_0039.jpg 1 11 14 63 39
0006_0035_0056_0048_0030.jpg 1 35 56 48 30
0007_0004_0047_0061_0038.jpg 1 4 47 61 38
0008_0031_0039_0058_0036.jpg 1 31 39 58 36
0009_0024_0046_0056_0035.jpg 1 24 46 56 35
0010_0006_0012_0052_0032.jpg 1 6 12 52 32
0011_0010_0009_0057_0035.jpg 1 10 9 57 35
0012_0013_0011_0065_0041.jpg 1 13 11 65 41
0013_0013_0043_0068_0042.jpg 1 13 43 68 42
0014_0009_0029_0056_0035.jpg 1 9 29 56 35
0015_0028_0038_0051_0032.jpg 1 28 38 51 32
0016_0010_0012_0053_0033.jpg 1 10 12 53 33
0017_0017_0047_0053_0033.jpg 1 17 47 53 33
0018_0008_0022_0051_0032.jpg 1 8 22 51 32
0019_0037_0020_0056_0035.jpg 1 37 20 56 35
0020_0033_0036_0058_0036.jpg 1 33 36 58 36
0021_0016_0052_0067_0042.jpg 1 16 52 67 42
0022_0006_0046_0062_0038.jpg 1 6 46 62 38
0023_0011_0026_0060_0038.jpg 1 11 26 60 38
0024_0011_0040_0066_0041.jpg 1 11 40 66 41
0025_0004_0030_0063_0039.jpg 1 4 30 63 39
0026_0021_0048_0069_0043.jpg 1 21 48 69 43
0027_0009_0030_0067_0042.jpg 1 9 30 67 42
0028_0025_0054_0057_0036.jpg 1 25 54 57 36
0029_0026_0031_0061_0038.jpg 1 26 31 61 38
0030_0031_0044_0058_0036.jpg 1 31 44 58 36
0031_0007_0027_0060_0038.jpg 1 7 27 60 38
0032_0007_0023_0057_0035.jpg 1 7 23 57 35
0033_0013_0020_0069_0043.jpg 1 13 20 69 43
0034_0007_0056_0057_0036.jpg 1 7 56 57 36
0035_0040_0047_0052_0032.jpg 1 40 47 52 32
0036_0005_0042_0050_0031.jpg 1 5 42 50 31
0037_0006_0039_0063_0039.jpg 1 6 39 63 39
0038_0018_0014_0065_0041.jpg 1 18 14 65 41
0039_0019_0007_0061_0038.jpg 1 19 7 61 38
0040_0017_0022_0062_0038.jpg 1 17 22 62 38
0041_0020_0022_0068_0042.jpg 1 20 22 68 42
0042_0011_0037_0056_0035.jpg 1 11 37 56 35
0043_0007_0026_0057_0035.jpg 1 7 26 57 35
0044_0008_0023_0064_0040.jpg 1 8 23 64 40
0045_0031_0048_0056_0035.jpg 1 31 48 56 35
0046_0019_0034_0065_0040.jpg 1 19 34 65 40
0047_0031_0007_0056_0035.jpg 1 31 7 56 35
0048_0007_0027_0064_0040.jpg 1 7 27 64 40
0049_0016_0020_0050_0031.jpg 1 16 20 50 31
0050_0028_0028_0057_0036.jpg 1 28 28 57 36
0051_0005_0022_0065_0040.jpg 1 5 22 65 40
0052_0017_0040_0063_0039.jpg 1 17 40 63 39
0053_0034_0055_0058_0036.jpg 1 34 55 58 36
0054_0027_0030_0060_0037.jpg 1 27 30 60 37
0055_0025_0039_0068_0042.jpg 1 25 39 68 42
0056_0007_0023_0058_0036.jpg 1 7 23 58 36
0057_0030_0025_0065_0040.jpg 1 30 25 65 40
0058_0041_0035_0051_0032.jpg 1 41 35 51 32
0059_0026_0047_0063_0039.jpg 1 26 47 63 39
0060_0021_0051_0067_0042.jpg 1 21 51 67 42
0061_0010_0036_0065_0041.jpg 1 10 36 65 41
0062_0018_0041_0065_0040.jpg 1 18 41 65 40
0063_0018_0020_0058_0036.jpg 1 18 20 58 36
0064_0005_0052_0055_0034.jpg 1 5 52 55 34
0065_0018_0011_0062_0039.jpg 1 18 11 62 39
0066_0016_0009_0067_0041.jpg 1 16 9 67 41
0067_0031_0043_0062_0039.jpg 1 31 43 62 39
0068_0036_0023_0056_0035.jpg 1 36 23 56 35
0069_0027_0039_0050_0031.jpg 1 27 39 50 31
0070_0011_0010_0051_0032.jpg 1 11 10 51 32
0071_0026_0027_0061_0038.jpg 1 26 27 61 38
0072_0014_0055_0056_0035.jpg 1 14 55 56 35
0073_0018_0025_0049_0031.jpg 1 18 25 49 31
0074_0023_0030_0058_0036.jpg 1 23 30 58 36
0075_0038_0038_0053_0033.jpg 1 38 38 53 33
0076_0035_0018_0058_0036.jpg 1 35 18 58 36
0077_0005_0049_0068_0042.jpg 1 5 49 68 42
0078_0004_0009_0056_0035.jpg 1 4 9 56 35
0079_0006_0050_0063_0039.jpg 1 6 50 63 39
0080_0009_0042_0052_0032.jpg 1 9 42 52 32
0081_0008_0050_0060_0038.jpg 1 8 50 60 38
0082_0020_0013_0061_0038.jpg 1 20 13 61 38
0083_0014_0011_0067_0042.jpg 1 14 11 67 42
0084_0005_0027_0059_0036.jpg 1 5 27 59 36
0085_0017_0021_0067_0042.jpg 1 17 21 67 42
0086_0030_0014_0054_0034.jpg 1 30 14 54 34
0087_0027_0037_0061_0038.jpg 1 27 37 61 38
0088_0005_0041_0049_0030.jpg 1 5 41 49 30
0089_0005_0018_0069_0043.jpg 1 5 18 69 43
0090_0029_0048_0061_0038.jpg 1 29 48 61 38
0091_0005_0056_0049_0031.jpg 1 5 56 49 31
0092_0022_0044_0051_0032.jpg 1 22 44 51 32
0093_0022_0008_0057_0036.jpg 1 22 8 57 36
0094_0023_0051_0064_0040.jpg 1 23 51 64 40
0095_0008_0009_0053_0033.jpg 1 8 9 53 33
0096_0015_0012_0054_0034.jpg 1 15 12 54 34
0097_0028_0046_0067_0042.jpg 1 28 46 67 42
0098_0018_0039_0051_0032.jpg 1 18 39 51 32
0099_0013_0013_0058_0036.jpg 1 13 13 58 36
0100_0018_0047_0068_0042.jpg 1 18 47 68 42
0101_0016_0029_0058_0036.jpg 1 16 29 58 36
0102_0039_0024_0048_0030.jpg 1 39 24 48 30
0103_0019_0009_0061_0038.jpg 1 19 9 61 38
0104_0015_0011_0059_0037.jpg 1 15 11 59 37
0105_0021_0020_0064_0040.jpg 1 21 20 64 40
0106_0009_0045_0066_0041.jpg 1 9 45 66 41
0107_0024_0039_0067_0042.jpg 1 24 39 67 42
0108_0035_0060_0050_0031.jpg 1 35 60 50 31
0109_0023_0033_0068_0042.jpg 1 23 33 68 42
0110_0010_0055_0052_0032.jpg 1 10 55 52 32
0111_0043_0012_0052_0032.jpg 1 43 12 52 32
0112_0021_0036_0059_0037.jpg 1 21 36 59 37
0113_0009_0042_0063_0039.jpg 1 9 42 63 39
0114_0015_0028_0050_0031.jpg 1 15 28 50 31
0115_0029_0036_0066_0041.jpg 1 29 36 66 41
0116_0006_0048_0065_0041.jpg 1 6 48 65 41
0117_0030_0062_0048_0030.jpg 1 30 62 48 30
0118_0020_0032_0067_0042.jpg 1 20 32 67 42
0119_0011_0034_0056_0035.jpg 1 11 34 56 35
0120_0024_0021_0059_0037.jpg 1 24 21 59 37
0121_0005_0034_0067_0042.jpg 1 5 34 67 42
0122_0015_0020_0063_0039.jpg 1 15 20 63 39
0123_0023_0039_0069_0043.jpg 1 23 39 69 43
0124_0032_0050_0062_0038.jpg 1 32 50 62 38
0125_0025_0051_0059_0036.jpg 1 25 51 59 36
0126_0017_0012_0067_0042.jpg 1 17 12 67 42
0127_0031_0007_0057_0035.jpg 1 31 7 57 35
0128_0041_0017_0049_0030.jpg 1 41 17 49 30
