0001_0009_0044_0068_0043.jpg 1 9 44 68 43
0002_0004_0028_0057_0036.jpg 1 4 28 57 36
0003_0017_0008_0069_0043.jpg 1 17 8 69 43
0004_0003_0029_0066_0041.jpg 1 3 29 66 41
0005_0004_0019_0064_0040.jpg 1 4 19 64 40
0006_0024_0031_0048_0030.jpg 1 24 31 48 30
0007_0029_0034_0052_0032.jpg 1 29 34 52 32
0008_0016_0024_0067_0041.jpg 1 16 24 67 41
0009_0023_0007_0057_0035.jpg 1 23 7 57 35
0010_0018_0017_0051_0032.jpg 1 18 17 51 32
0011_0032_0017_0048_0030.jpg 1 32 17 48 30
0012_0010_0023_0060_0037.jpg 1 10 23 60 37
0013_0030_0024_0056_0035.jpg 1 30 24 56 35
0014_0006_0022_0062_0039.jpg 1 6 22 62 39
0015_0028_0035_0058_0036.jpg 1 28 35 58 36
0016_0036_0027_0054_0034.jpg 1 36 27 54 34
0017_0044_0010_0050_0031.jpg 1 44 10 50 31
0018_0024_0011_0066_0041.jpg 1 24 11 66 41
0019_0036_0013_0053_0033.jpg 1 36 13 53 33
0020_0017_0049_0052_0032.jpg 1 17 49 52 32
0021_0031_0057_0057_0036.jpg 1 31 57 57 36
0022_0015_0041_0057_0035.jpg 1 15 41 57 35
0023_0015_0052_0063_0039.jpg 1 15 52 63 39
0024_0013_0023_0065_0040.jpg 1 13 23 65 40
0025_0004_0041_0058_0036.jpg 1 4 41 58 36
0026_0014_0046_0062_0038.jpg 1 14 46 62 38
0027_0017_0044_0052_0032.jpg 1 17 44 52 32
0028_0008_0021_0069_0043.jpg 1 8 21 69 43
0029_0023_0007_0068_0042.jpg 1 23 7 68 42
0030_0024_0053_0063_0039.jpg 1 24 53 63 39
0031_0034_0034_0049_0030.jpg 1 34 34 49 30
0032_0021_0026_0062_0039.jpg 1 21 26 62 39
0033_0012_0035_0056_0035.jpg 1 12 35 56 35
0034_0034_0043_0054_0033.jpg 1 34 43 54 33
0035_0022_0051_0055_0034.jpg 1 22 51 55 34
0036_0012_0009_0059_0037.jpg 1 12 9 59 37
0037_0024_0013_0060_0037.jpg 1 24 13 60 37
0038_0031_0050_0053_0033.jpg 1 31 50 53 33
0039_0011_0024_0067_0041.jpg 1 11 24 67 41
0040_0018_0049_0059_0037.jpg 1 18 49 59 37
0041_0017_0043_0059_0037.jpg 1 17 43 59 37
0042_0038_0023_0054_0033.jpg 1 38 23 54 33
0043_0003_0044_0068_0043.jpg 1 3 44 68 43
0044_0017_0028_0066_0041.jpg 1 17 28 66 41
0045_0031_0009_0060_0037.jpg 1 31 9 60 37
0046_0030_0023_0060_0037.jpg 1 30 23 60 37
0047_0007_0008_0052_0032.jpg 1 7 8 52 32
0048_0019_0011_0069_0043.jpg 1 19 11 69 43
0049_0009_0015_0062_0039.jpg 1 9 15 62 39
0050_0020_0053_0063_0039.jpg 1 20 53 63 39
0051_0023_0018_0065_0040.jpg 1 23 18 65 40
0052_0031_0036_0063_0039.jpg 1 31 36 63 39
0053_0005_0050_0060_0037.jpg 1 5 50 60 37
0054_0033_0015_0057_0035.jpg 1 33 15 57 35
0055_0015_0023_0068_0042.jpg 1 15 23 68 42
0056_0033_0043_0061_0038.jpg 1 33 43 61 38
0057_0013_0046_0064_0040.jpg 1 13 46 64 40
0058_0004_0035_0066_0041.jpg 1 4 35 66 41
0059_0027_0027_0063_0039.jpg 1 27 27 63 39
0060_0007_0006_0066_0041.jpg 1 7 6 66 41
0061_0024_0050_0059_0036.jpg 1 24 50 59 36
0062_0021_0022_0066_0041.jpg 1 21 22 66 41
0063_0009_0041_0048_0030.jpg 1 9 41 48 30
0064_0008_0018_0053_0033.jpg 1 8 18 53 33
0065_0010_0028_0064_0040.jpg 1 10 28 64 40
0066_0009_0010_0055_0034.jpg 1 9 10 55 34
0067_0025_0045_0059_0037.jpg 1 25 45 59 37
0068_0017_0054_0061_0038.jpg 1 17 54 61 38
0069_0019_0020_0067_0042.jpg 1 19 20 67 42
0070_0023_0027_0069_0043.jpg 1 23 27 69 43
0071_0030_0015_0064_0040.jpg 1 30 15 64 40
0072_0006_0015_0062_0038.jpg 1 6 15 62 38
0073_0022_0008_0068_0042.jpg 1 22 8 68 42
0074_0016_0006_0066_0041.jpg 1 16 6 66 41
0075_0006_0020_0054_0033.jpg 1 6 20 54 33
0076_0029_0028_0051_0032.jpg 1 29 28 51 32
0077_0030_0007_0058_0036.jpg 1 30 7 58 36
0078_0038_0007_0048_0030.jpg 1 38 7 48 30
0079_0004_0008_0061_0038.jpg 1 4 8 61 38
0080_0024_0047_0069_0043.jpg 1 24 47 69 43
0081_0022_0051_0049_0030.jpg 1 22 51 49 30
0082_0017_0011_0068_0042.jpg 1 17 11 68 42
0083_0011_0031_0057_0035.jpg 1 11 31 57 35
0084_0006_0019_0067_0042.jpg 1 6 19 67 42
0085_0027_0025_0060_0037.jpg 1 27 25 60 37
0086_0028_0010_0066_0041.jpg 1 28 10 66 41
0087_0010_0035_0069_0043.jpg 1 10 35 69 43
0088_0004_0006_0066_0041.jpg 1 4 6 66 41
0089_0027_0017_0051_0032.jpg 1 27 17 51 32
0090_0021_0053_0066_0041.jpg 1 21 53 66 41
0091_0015_0011_0060_0037.jpg 1 15 11 60 37
0092_0027_0033_0066_0041.jpg 1 27 33 66 41
0093_0043_0029_0048_0030.jpg 1 43 29 48 30
0094_0016_0012_0064_0040.jpg 1 16 12 64 40
0095_0015_0042_0064_0040.jpg 1 15 42 64 40
0096_0010_0047_0051_0032.jpg 1 10 47 51 32
0097_0024_0040_0050_0031.jpg 1 24 40 50 31
0098_0018_0026_0055_0034.jpg 1 18 26 55 34
0099_0006_0026_0065_0041.jpg 1 6 26 65 41
0100_0041_0054_0053_0033.jpg 1 41 54 53 33
0101_0024_0026_0062_0038.jpg 1 24 26 62 38
0102_0016_0009_0057_0036.jpg 1 16 9 57 36
0103_0039_0030_0048_0030.jpg 1 39 30 48 30
0104_0022_0020_0053_0033.jpg 1 22 20 53 33
0105_0010_0054_0054_0034.jpg 1 10 54 54 34
0106_0037_0059_0052_0032.jpg 1 37 59 52 32
0107_0021_0045_0059_0037.jpg 1 21 45 59 37
0108_0024_0007_0068_0042.jpg 1 24 7 68 42
0109_0019_0040_0065_0040.jpg 1 19 40 65 40
0110_0006_0010_0065_0040.jpg 1 6 10 65 40
0111_0022_0043_0066_0041.jpg 1 22 43 66 41
0112_0019_0035_0059_0037.jpg 1 19 35 59 37
0113_0009_0024_0057_0035.jpg 1 9 24 57 35
0114_0038_0050_0056_0035.jpg 1 38 50 56 35
0115_0038_0010_0052_0032.jpg 1 38 10 52 32
0116_0023_0042_0062_0038.jpg 1 23 42 62 38
0117_0039_0056_0048_0030.jpg 1 39 56 48 30
0118_0034_0051_0050_0031.jpg 1 34 51 50 31
0119_0007_0007_0068_0042.jpg 1 7 7 68 42
0120_0030_0016_0054_0033.jpg 1 30 16 54 33
0121_0010_0045_0052_0033.jpg 1 10 45 52 33
0122_0015_0053_0060_0037.jpg 1 15 53 60 37
0123_0025_0007_0063_0039.jpg 1 25 7 63 39
0124_0009_0051_0063_0039.jpg 1 9 51 63 39
0125_0019_0050_0062_0039.jpg 1 19 50 62 39
0126_0011_0022_0058_0036.jpg 1 11 22 58 36
0127_0018_0050_0067_0042.jpg 1 18 50 67 42
0128_0016_0047_0067_0041.jpg 1 16 47 67 41
