0001_0031_0032_0058_0036.jpg 1 31 32 58 36
0002_0032_0049_0063_0039.jpg 1 32 49 63 39
0003_0012_0024_0062_0039.jpg 1 12 24 62 39
0004_0013_0008_0051_0032.jpg 1 13 8 51 32
0005_0009_0014_0066_0041.jpg 1 9 14 66 41
0006_0036_0030_0055_0034.jpg 1 36 30 55 34
0007_0017_0017_0068_0043.jpg 1 17 17 68 43
0008_0014_0060_0054_0033.jpg 1 14 60 54 33
0009_0018_0026_0052_0032.jpg 1 18 26 52 32
0010_0024_0007_0058_0036.jpg 1 24 7 58 36
0011_0038_0043_0057_0036.jpg 1 38 43 57 36
0012_0043_0026_0051_0032.jpg 1 43 26 51 32
0013_0033_0050_0057_0036.jpg 1 33 50 57 36
0014_0035_0018_0052_0032.jpg 1 35 18 52 32
0015_0028_0019_0049_0031.jpg 1 28 19 49 31
0016_0035_0023_0050_0031.jpg 1 35 23 50 31
0017_0035_0016_0054_0034.jpg 1 35 16 54 34
0018_0012_0037_0067_0042.jpg 1 12 37 67 42
0019_0030_0061_0050_0031.jpg 1 30 61 50 31
0020_0011_0023_0061_0038.jpg 1 11 23 61 38
0021_0011_0013_0064_0040.jpg 1 11 13 64 40
0022_0028_0024_0064_0040.jpg 1 28 24 64 40
0023_0022_0032_0059_0036.jpg 1 22 32 59 36
0024_0034_0054_0049_0031.jpg 1 34 54 49 31
0025_0024_0037_0069_0043.jpg 1 24 37 69 43
0026_0036_0024_0055_0034.jpg 1 36 24 55 34
0027_0018_0006_0065_0040.jpg 1 18 6 65 40
0028_0014_0046_0055_0034.jpg 1 14 46 55 34
0029_0008_0050_0055_0034.jpg 1 8 50 55 34
0030_0005_0029_0054_0034.jpg 1 5 29 54 34
0031_0033_0024_0050_0031.jpg 1 33 24 50 31
0032_0005_0052_0057_0035.jpg 1 5 52 57 35
0033_0020_0023_0068_0043.jpg 1 20 23 68 43
0034_0033_0024_0055_0034.jpg 1 33 24 55 34
0035_0025_0018_0069_0043.jpg 1 25 18 69 43
0036_0010_0026_0055_0034.jpg 1 10 26 55 34
0037_0007_0042_0052_0032.jpg 1 7 42 52 32
0038_0028_0024_0066_0041.jpg 1 28 24 66 41
0039_0033_0016_0051_0032.jpg 1 33 16 51 32
0040_0029_0054_0063_0039.jpg 1 29 54 63 39
0041_0028_0041_0058_0036.jpg 1 28 41 58 36
0042_0026_0032_0067_0041.jpg 1 26 32 67 41
0043_0021_0006_0060_0037.jpg 1 21 6 60 37
0044_0016_0028_0063_0039.jpg 1 16 28 63 39
0045_0026_0043_0060_0037.jpg 1 26 43 60 37
0046_0025_0047_0069_0043.jpg 1 25 47 69 43
0047_0031_0015_0055_0034.jpg 1 31 15 55 34
0048_0007_0008_0065_0041.jpg 1 7 8 65 41
0049_0008_0022_0066_0041.jpg 1 8 22 66 41
0050_0025_0013_0051_0032.jpg 1 25 13 51 32
0051_0011_0032_0065_0040.jpg 1 11 32 65 40
0052_0026_0046_0069_0043.jpg 1 26 46 69 43
0053_0021_0041_0059_0037.jpg 1 21 41 59 37
0054_0014_0022_0061_0038.jpg 1 14 22 61 38
0055_0004_0026_0060_0037.jpg 1 4 26 60 37
0056_0021_0046_0051_0032.jpg 1 21 46 51 32
0057_0004_0021_0068_0042.jpg 1 4 21 68 42
0058_0020_0011_0063_0039.jpg 1 20 11 63 39
0059_0020_0019_0050_0031.jpg 1 20 19 50 31
0060_0028_0031_0064_0040.jpg 1 28 31 64 40
0061_0016_0037_0060_0037.jpg 1 16 37 60 37
0062_0005_0047_0063_0039.jpg 1 5 47 63 39
0063_0043_0040_0049_0030.jpg 1 43 40 49 30
0064_0028_0030_0067_0042.jpg 1 28 30 67 42
0065_0036_0022_0051_0032.jpg 1 36 22 51 32
0066_0033_0027_0062_0039.jpg 1 33 27 62 39
0067_0015_0017_0063_0039.jpg 1 15 17 63 39
0068_0031_0026_0053_0033.jpg 1 31 26 53 33
0069_0033_0049_0048_0030.jpg 1 33 49 48 30
0070_0009_0032_0061_0038.jpg 1 9 32 61 38
0071_0036_0012_0055_0034.jpg 1 36 12 55 34
0072_0031_0015_0064_0040.jpg 1 31 15 64 40
0073_0026_0009_0060_0037.jpg 1 26 9 60 37
0074_0038_0038_0049_0031.jpg 1 38 38 49 31
0075_0009_0033_0065_0040.jpg 1 9 33 65 40
0076_0014_0025_0069_0043.jpg 1 14 25 69 43
0077_0045_0013_0048_0030.jpg 1 45 13 48 30
0078_0014_0020_0069_0043.jpg 1 14 20 69 43
0079_0013_0020_0059_0037.jpg 1 13 20 59 37
0080_0017_0048_0065_0040.jpg 1 17 48 65 40
0081_0011_0052_0050_0031.jpg 1 11 52 50 31
0082_0029_0012_0054_0034.jpg 1 29 12 54 34
0083_0005_0024_0060_0037.jpg 1 5 24 60 37
0084_0012_0025_0064_0040.jpg 1 12 25 64 40
0085_0016_0014_0068_0042.jpg 1 16 14 68 42
0086_0015_0006_0067_0042.jpg 1 15 6 67 42
0087_0017_0030_0053_0033.jpg 1 17 30 53 33
0088_0030_0013_0048_0030.jpg 1 30 13 48 30
0089_0019_0017_0049_0030.jpg 1 19 17 49 30
0090_0010_0008_0059_0037.jpg 1 10 8 59 37
0091_0016_0012_0059_0036.jpg 1 16 12 59 36
0092_0013_0031_0058_0036.jpg 1 13 31 58 36
0093_0028_0006_0067_0042.jpg 1 28 6 67 42
0094_0008_0045_0050_0031.jpg 1 8 45 50 31
0095_0005_0040_0058_0036.jpg 1 5 40 58 36
0096_0030_0051_0056_0035.jpg 1 30 51 56 35
0097_0010_0016_0056_0035.jpg 1 10 16 56 35
0098_0025_0031_0068_0042.jpg 1 25 31 68 42
0099_0026_0023_0055_0034.jpg 1 26 23 55 34
0100_0010_0016_0063_0039.jpg 1 10 16 63 39
0101_0023_0021_0060_0037.jpg 1 23 21 60 37
0102_0010_0042_0054_0034.jpg 1 10 42 54 34
0103_0013_0008_0066_0041.jpg 1 13 8 66 41
0104_0005_0012_0060_0037.jpg 1 5 12 60 37
0105_0036_0024_0050_0031.jpg 1 36 24 50 31
0106_0029_0042_0052_0032.jpg 1 29 42 52 32
0107_0028_0054_0056_0035.jpg 1 28 54 56 35
0108_0015_0048_0069_0043.jpg 1 15 48 69 43
0109_0011_0020_0052_0032.jpg 1 11 20 52 32
0110_0016_0014_0065_0040.jpg 1 16 14 65 40
0111_0035_0041_0050_0031.jpg 1 35 41 50 31
0112_0010_0028_0059_0037.jpg 1 10 28 59 37
0113_0022_0061_0049_0030.jpg 1 22 61 49 30
0114_0018_0034_0063_0039.jpg 1 18 34 63 39
0115_0007_0044_0065_0040.jpg 1 7 44 65 40
0116_0028_0042_0048_0030.jpg 1 28 42 48 30
0117_0011_0040_0069_0043.jpg 1 11 40 69 43
0118_0023_0017_0050_0031.jpg 1 23 17 50 31
0119_0028_0014_0057_0035.jpg 1 28 14 57 35
0120_0005_0035_0063_0039.jpg 1 5 35 63 39
0121_0017_0035_0069_0043.jpg 1 17 35 69 43
0122_0034_0011_0052_0032.jpg 1 34 11 52 32
0123_0031_0014_0058_0036.jpg 1 31 14 58 36
0124_0020_0054_0051_0031.jpg 1 20 54 51 31
0125_0021_0038_0050_0031.jpg 1 21 38 50 31
0126_0036_0058_0053_0033.jpg 1 36 58 53 33
0127_0005_0011_0057_0035.jpg 1 5 11 57 35
0128_0018_0032_0059_0037.jpg 1 18 32 59 37
