0001_0014_0036_0064_0040.jpg 1 14 36 64 40
0002_0008_0019_0066_0041.jpg 1 8 19 66 41
0003_0007_0049_0067_0042.jpg 1 7 49 67 42
0004_0033_0038_0060_0037.jpg 1 33 38 60 37
0005_0041_0040_0049_0030.jpg 1 41 40 49 30
0006_0028_0014_0048_0030.jpg 1 28 14 48 30
0007_0022_0031_0065_0041.jpg 1 22 31 65 41
0008_0009_0020_0048_0030.jpg 1 9 20 48 30
0009_0024_0011_0052_0032.jpg 1 24 11 52 32
0010_0024_0053_0057_0035.jpg 1 24 53 57 35
0011_0035_0043_0049_0031.jpg 1 35 43 49 31
0012_0029_0039_0065_0040.jpg 1 29 39 65 40
0013_0028_0045_0065_0040.jpg 1 28 45 65 40
0014_0006_0012_0059_0037.jpg 1 6 12 59 37
0015_0016_0010_0060_0037.jpg 1 16 10 60 37
0016_0022_0006_0060_0037.jpg 1 22 6 60 37
0017_0025_0033_0062_0038.jpg 1 25 33 62 38
0018_0004_0006_0063_0039.jpg 1 4 6 63 39
0019_0023_0049_0060_0037.jpg 1 23 49 60 37
0020_0028_0040_0066_0041.jpg 1 28 40 66 41
0021_0030_0011_0057_0035.jpg 1 30 11 57 35
0022_0008_0033_0062_0039.jpg 1 8 33 62 39
0023_0029_0035_0049_0030.jpg 1 29 35 49 30
0024_0034_0061_0048_0030.jpg 1 34 61 48 30
0025_0005_0013_0066_0041.jpg 1 5 13 66 41
0026_0033_0036_0050_0031.jpg 1 33 36 50 31
0027_0024_0054_0062_0039.jpg 1 24 54 62 39
0028_0009_0027_0062_0039.jpg 1 9 27 62 39
0029_0029_0056_0048_0030.jpg 1 29 56 48 30
0030_0035_0043_0061_0038.jpg 1 35 43 61 38
0031_0009_0053_0051_0032.jpg 1 9 53 51 32
0032_0007_0009_0057_0035.jpg 1 7 9 57 35
0033_0035_0022_0057_0035.jpg 1 35 22 57 35
0034_0014_0027_0056_0035.jpg 1 14 27 56 35
0035_0006_0033_0063_0039.jpg 1 6 33 63 39
0036_0024_0016_0069_0043.jpg 1 24 16 69 43
0037_0015_0043_0068_0042.jpg 1 15 43 68 42
0038_0018_0007_0050_0031.jpg 1 18 7 50 31
0039_0018_0045_0066_0041.jpg 1 18 45 66 41
0040_0023_0028_0054_0034.jpg 1 23 28 54 34
0041_0029_0009_0067_0042.jpg 1 29 9 67 42
0042_0013_0024_0050_0031.jpg 1 13 24 50 31
0043_0019_0036_0066_0041.jpg 1 19 36 66 41
0044_0036_0016_0057_0035.jpg 1 36 16 57 35
0045_0006_0026_0063_0039.jpg 1 6 26 63 39
0046_0033_0056_0058_0036.jpg 1 33 56 58 36
0047_0010_0019_0066_0041.jpg 1 10 19 66 41
0048_0016_0043_0063_0039.jpg 1 16 43 63 39
0049_0027_0043_0053_0033.jpg 1 27 43 53 33
0050_0038_0044_0054_0033.jpg 1 38 44 54 33
0051_0023_0038_0067_0042.jpg 1 23 38 67 42
0052_0013_0005_0069_0043.jpg 1 13 5 69 43
0053_0025_0048_0064_0040.jpg 1 25 48 64 40
0054_0009_0019_0066_0041.jpg 1 9 19 66 41
0055_0036_0047_0049_0030.jpg 1 36 47 49 30
0056_0003_0035_0067_0042.jpg 1 3 35 67 42
0057_0035_0050_0055_0034.jpg 1 35 50 55 34
0058_0022_0037_0049_0030.jpg 1 22 37 49 30
0059_0013_0028_0054_0034.jpg 1 13 28 54 34
0060_0034_0038_0061_0038.jpg 1 34 38 61 38
0061_0028_0034_0050_0031.jpg 1 28 34 50 31
0062_0013_0046_0057_0036.jpg 1 13 46 57 36
0063_0021_0036_0050_0031.jpg 1 21 36 50 31
0064_0008_0010_0066_0041.jpg 1 8 10 66 41
0065_0014_0058_0055_0034.jpg 1 14 58 55 34
0066_0040_0022_0055_0034.jpg 1 40 22 55 34
0067_0036_0055_0051_0032.jpg 1 36 55 51 32
0068_0008_0020_0065_0040.jpg 1 8 20 65 40
0069_0008_0010_0051_0031.jpg 1 8 10 51 31
0070_0024_0016_0067_0042.jpg 1 24 16 67 42
0071_0016_0042_0059_0037.jpg 1 16 42 59 37
0072_0026_0045_0059_0037.jpg 1 26 45 59 37
0073_0016_0036_0063_0039.jpg 1 16 36 63 39
0074_0025_0039_0058_0036.jpg 1 25 39 58 36
0075_0017_0040_0062_0039.jpg 1 17 40 62 39
0076_0044_0031_0049_0030.jpg 1 44 31 49 30
0077_0021_0020_0067_0042.jpg 1 21 20 67 42
0078_0025_0040_0064_0040.jpg 1 25 40 64 40
0079_0030_0042_0062_0039.jpg 1 30 42 62 39
0080_0004_0052_0065_0041.jpg 1 4 52 65 41
0081_0020_0036_0063_0039.jpg 1 20 36 63 39
0082_0014_0055_0058_0036.jpg 1 14 55 58 36
0083_0027_0056_0059_0036.jpg 1 27 56 59 36
0084_0019_0035_0051_0032.jpg 1 19 35 51 32
0085_0028_0025_0048_0030.jpg 1 28 25 48 30
0086_0017_0051_0063_0039.jpg 1 17 51 63 39
0087_0030_0051_0054_0034.jpg 1 30 51 54 34
0088_0024_0034_0068_0042.jpg 1 24 34 68 42
0089_0027_0035_0050_0031.jpg 1 27 35 50 31
0090_0039_0016_0053_0033.jpg 1 39 16 53 33
0091_0025_0011_0065_0041.jpg 1 25 11 65 41
0092_0022_0053_0053_0033.jpg 1 22 53 53 33
0093_0025_0020_0050_0031.jpg 1 25 20 50 31
0094_0032_0046_0055_0034.jpg 1 32 46 55 34
0095_0009_0037_0058_0036.jpg 1 9 37 58 36
0096_0024_0024_0069_0043.jpg 1 24 24 69 43
0097_0011_0015_0069_0043.jpg 1 11 15 69 43
0098_0025_0016_0063_0039.jpg 1 25 16 63 39
0099_0020_0051_0060_0037.jpg 1 20 51 60 37
0100_0030_0026_0049_0030.jpg 1 30 26 49 30
0101_0023_0053_0054_0033.jpg 1 23 53 54 33
0102_0013_0028_0067_0041.jpg 1 13 28 67 41
0103_0012_0031_0062_0039.jpg 1 12 31 62 39
0104_0026_0020_0059_0037.jpg 1 26 20 59 37
0105_0034_0040_0059_0037.jpg 1 34 40 59 37
0106_0031_0011_0063_0039.jpg 1 31 11 63 39
0107_0020_0014_0066_0041.jpg 1 20 14 66 41
0108_0017_0033_0051_0032.jpg 1 17 33 51 32
0109_0008_0043_0068_0042.jpg 1 8 43 68 42
0110_0009_0029_0065_0041.jpg 1 9 29 65 41
0111_0026_0054_0058_0036.jpg 1 26 54 58 36
0112_0037_0034_0056_0035.jpg 1 37 34 56 35
0113_0005_0007_0068_0042.jpg 1 5 7 68 42
0114_0010_0035_0053_0033.jpg 1 10 35 53 33
0115_0008_0023_0056_0035.jpg 1 8 23 56 35
0116_0033_0053_0053_0033.jpg 1 33 53 53 33
0117_0038_0022_0055_0034.jpg 1 38 22 55 34
0118_0021_0050_0058_0036.jpg 1 21 50 58 36
0119_0010_0035_0055_0034.jpg 1 10 35 55 34
0120_0027_0052_0060_0037.jpg 1 27 52 60 37
0121_0020_0036_0051_0032.jpg 1 20 36 51 32
0122_0015_0043_0068_0042.jpg 1 15 43 68 42
0123_0023_0030_0053_0033.jpg 1 23 30 53 33
0124_0029_0019_0062_0039.jpg 1 29 19 62 39
0125_0021_0021_0066_0041.jpg 1 21 21 66 41
0126_0022_0031_0049_0031.jpg 1 22 31 49 31
0127_0020_0047_0064_0040.jpg 1 20 47 64 40
0128_0040_0040_0048_0030.jpg 1 40 40 48 30
