0001_0005_0009_0061_0038.jpg 1 5 9 61 38
0002_0020_0047_0063_0039.jpg 1 20 47 63 39
0003_0026_0044_0052_0032.jpg 1 26 44 52 32
0004_0026_0009_0055_0034.jpg 1 26 9 55 34
0005_0009_0036_0060_0037.jpg 1 9 36 60 37
0006_0015_0030_0055_0034.jpg 1 15 30 55 34
0007_0017_0006_0065_0040.jpg 1 17 6 65 40
0008_0034_0037_0055_0034.jpg 1 34 37 55 34
0009_0012_0028_0058_0036.jpg 1 12 28 58 36
0010_0004_0021_0068_0042.jpg 1 4 21 68 42
0011_0026_0050_0053_0033.jpg 1 26 50 53 33
0012_0028_0010_0062_0038.jpg 1 28 10 62 38
0013_0029_0047_0053_0033.jpg 1 29 47 53 33
0014_0020_0022_0066_0041.jpg 1 20 22 66 41
0015_0010_0045_0064_0040.jpg 1 10 45 64 40
0016_0010_0046_0050_0031.jpg 1 10 46 50 31
0017_0016_0039_0057_0035.jpg 1 16 39 57 35
0018_0023_0040_0058_0036.jpg 1 23 40 58 36
0019_0028_0007_0052_0032.jpg 1 28 7 52 32
0020_0027_0044_0060_0037.jpg 1 27 44 60 37
0021_0035_0036_0053_0033.jpg 1 35 36 53 33
0022_0012_0021_0063_0039.jpg 1 12 21 63 39
0023_0014_0028_0053_0033.jpg 1 14 28 53 33
0024_0040_0025_0049_0031.jpg 1 40 25 49 31
0025_0013_0035_0067_0042.jpg 1 13 35 67 42
0026_0008_0021_0060_0037.jpg 1 8 21 60 37
0027_0020_0017_0065_0040.jpg 1 20 17 65 40
0028_0004_0032_0066_0041.jpg 1 4 32 66 41
0029_0020_0045_0063_0039.jpg 1 20 45 63 39
0030_0021_0024_0062_0039.jpg 1 21 24 62 39
0031_0016_0053_0059_0037.jpg 1 16 53 59 37
0032_0013_0043_0051_0032.jpg 1 13 43 51 32
0033_0014_0036_0056_0035.jpg 1 14 36 56 35
0034_0023_0026_0051_0032.jpg 1 23 26 51 32
0035_0007_0020_0062_0039.jpg 1 7 20 62 39
0036_0007_0043_0065_0041.jpg 1 7 43 65 41
0037_0016_0058_0052_0032.jpg 1 16 58 52 32
0038_0008_0011_0060_0037.jpg 1 8 11 60 37
0039_0007_0035_0050_0031.jpg 1 7 35 50 31
0040_0009_0045_0065_0040.jpg 1 9 45 65 40
0041_0027_0036_0060_0037.jpg 1 27 36 60 37
0042_0026_0050_0066_0041.jpg 1 26 50 66 41
0043_0017_0024_0058_0036.jpg 1 17 24 58 36
0044_0035_0031_0053_0033.jpg 1 35 31 53 33
0045_0019_0053_0065_0040.jpg 1 19 53 65 40
0046_0014_0022_0062_0038.jpg 1 14 22 62 38
0047_0011_0010_0063_0039.jpg 1 11 10 63 39
0048_0017_0031_0066_0041.jpg 1 17 31 66 41
0049_0016_0030_0063_0039.jpg 1 16 30 63 39
0050_0042_0016_0052_0032.jpg 1 42 16 52 32
0051_0030_0020_0057_0035.jpg 1 30 20 57 35
0052_0003_0005_0066_0041.jpg 1 3 5 66 41
0053_0017_0021_0050_0031.jpg 1 17 21 50 31
0054_0024_0027_0055_0034.jpg 1 24 27 55 34
0055_0011_0014_0065_0040.jpg 1 11 14 65 40
0056_0027_0010_0060_0037.jpg 1 27 10 60 37
0057_0020_0044_0064_0040.jpg 1 20 44 64 40
0058_0003_0025_0065_0040.jpg 1 3 25 65 40
0059_0036_0057_0050_0031.jpg 1 36 57 50 31
0060_0012_0024_0067_0042.jpg 1 12 24 67 42
0061_0007_0041_0051_0032.jpg 1 7 41 51 32
0062_0038_0039_0057_0035.jpg 1 38 39 57 35
0063_0011_0026_0060_0037.jpg 1 11 26 60 37
0064_0032_0060_0054_0033.jpg 1 32 60 54 33
0065_0017_0027_0066_0041.jpg 1 17 27 66 41
0066_0030_0034_0058_0036.jpg 1 30 34 58 36
0067_0033_0015_0061_0038.jpg 1 33 15 61 38
0068_0018_0032_0055_0034.jpg 1 18 32 55 34
0069_0022_0049_0050_0031.jpg 1 22 49 50 31
0070_0027_0014_0061_0038.jpg 1 27 14 61 38
0071_0028_0040_0054_0034.jpg 1 28 40 54 34
0072_0019_0042_0054_0033.jpg 1 19 42 54 33
0073_0029_0023_0064_0040.jpg 1 29 23 64 40
0074_0026_0044_0068_0042.jpg 1 26 44 68 42
0075_0017_0007_0058_0036.jpg 1 17 7 58 36
0076_0033_0056_0056_0035.jpg 1 33 56 56 35
0077_0028_0040_0066_0041.jpg 1 28 40 66 41
0078_0023_0009_0067_0042.jpg 1 23 9 67 42
0079_0041_0030_0053_0033.jpg 1 41 30 53 33
0080_0038_0046_0056_0035.jpg 1 38 46 56 35
0081_0012_0036_0058_0036.jpg 1 12 36 58 36
0082_0007_0027_0061_0038.jpg 1 7 27 61 38
0083_0033_0020_0060_0037.jpg 1 33 20 60 37
0084_0035_0017_0057_0036.jpg 1 35 17 57 36
0085_0019_0041_0064_0040.jpg 1 19 41 64 40
0086_0026_0027_0058_0036.jpg 1 26 27 58 36
0087_0004_0015_0067_0042.jpg 1 4 15 67 42
0088_0025_0025_0062_0038.jpg 1 25 25 62 38
0089_0031_0021_0061_0038.jpg 1 31 21 61 38
0090_0009_0012_0066_0041.jpg 1 9 12 66 41
0091_0024_0025_0063_0039.jpg 1 24 25 63 39
0092_0013_0047_0054_0033.jpg 1 13 47 54 33
0093_0017_0026_0050_0031.jpg 1 17 26 50 31
0094_0021_0011_0068_0043.jpg 1 21 11 68 43
0095_0008_0014_0049_0030.jpg 1 8 14 49 30
0096_0027_0041_0066_0041.jpg 1 27 41 66 41
0097_0017_0012_0060_0037.jpg 1 17 12 60 37
0098_0039_0022_0050_0031.jpg 1 39 22 50 31
0099_0024_0022_0067_0042.jpg 1 24 22 67 42
0100_0010_0033_0057_0035.jpg 1 10 33 57 35
0101_0014_0034_0054_0034.jpg 1 14 34 54 34
0102_0015_0029_0051_0032.jpg 1 15 29 51 32
0103_0010_0008_0067_0042.jpg 1 10 8 67 42
0104_0028_0048_0064_0040.jpg 1 28 48 64 40
0105_0025_0017_0064_0040.jpg 1 25 17 64 40
0106_0042_0049_0052_0032.jpg 1 42 49 52 32
0107_0011_0007_0058_0036.jpg 1 11 7 58 36
0108_0039_0060_0053_0033.jpg 1 39 60 53 33
0109_0036_0025_0052_0033.jpg 1 36 25 52 33
0110_0030_0011_0059_0037.jpg 1 30 11 59 37
0111_0020_0025_0053_0033.jpg 1 20 25 53 33
0112_0024_0054_0063_0039.jpg 1 24 54 63 39
0113_0004_0012_0062_0039.jpg 1 4 12 62 39
0114_0023_0015_0068_0042.jpg 1 23 15 68 42
0115_0036_0021_0053_0033.jpg 1 36 21 53 33
0116_0010_0033_0056_0035.jpg 1 10 33 56 35
0117_0019_0008_0055_0034.jpg 1 19 8 55 34
0118_0015_0007_0050_0031.jpg 1 15 7 50 31
0119_0025_0039_0061_0038.jpg 1 25 39 61 38
0120_0041_0021_0048_0030.jpg 1 41 21 48 30
0121_0005_0015_0058_0036.jpg 1 5 15 58 36
0122_0021_0041_0056_0035.jpg 1 21 41 56 35
0123_0008_0022_0062_0038.jpg 1 8 22 62 38
0124_0008_0056_0057_0035.jpg 1 8 56 57 35
0125_0036_0053_0055_0034.jpg 1 36 53 55 34
0126_0014_0039_0064_0040.jpg 1 14 39 64 40
0127_0027_0015_0068_0042.jpg 1 27 15 68 42
0128_0022_0012_0062_0039.jpg 1 22 12 62 39
0129_0011_0038_0062_0039.jpg 1 11 38 62 39
0130_0041_0047_0051_0032.jpg 1 41 47 51 32
0131_0020_0028_0059_0037.jpg 1 20 28 59 37
0132_0029_0043_0051_0032.jpg 1 29 43 51 32
0133_0007_0018_0061_0038.jpg 1 7 18 61 38
0134_0022_0047_0059_0037.jpg 1 22 47 59 37
0135_0018_0054_0050_0031.jpg 1 18 54 50 31
0136_0029_0021_0050_0031.jpg 1 29 21 50 31
0137_0026_0033_0062_0039.jpg 1 26 33 62 39
0138_0028_0027_0054_0033.jpg 1 28 27 54 33
0139_0040_0007_0051_0031.jpg 1 40 7 51 31
0140_0006_0041_0066_0041.jpg 1 6 41 66 41
0141_0022_0033_0065_0040.jpg 1 22 33 65 40
0142_0012_0049_0065_0040.jpg 1 12 49 65 40
0143_0015_0008_0059_0037.jpg 1 15 8 59 37
0144_0022_0054_0063_0039.jpg 1 22 54 63 39
0145_0032_0058_0050_0031.jpg 1 32 58 50 31
0146_0026_0010_0069_0043.jpg 1 26 10 69 43
0147_0022_0043_0065_0041.jpg 1 22 43 65 41
0148_0038_0033_0057_0035.jpg 1 38 33 57 35
0149_0024_0009_0067_0041.jpg 1 24 9 67 41
0150_0035_0035_0055_0034.jpg 1 35 35 55 34
0151_0034_0025_0051_0032.jpg 1 34 25 51 32
0152_0004_0030_0057_0035.jpg 1 4 30 57 35
0153_0038_0033_0056_0035.jpg 1 38 33 56 35
0154_0022_0050_0069_0043.jpg 1 22 50 69 43
0155_0026_0051_0067_0042.jpg 1 26 51 67 42
0156_0031_0021_0052_0032.jpg 1 31 21 52 32
0157_0027_0027_0066_0041.jpg 1 27 27 66 41
0158_0011_0038_0056_0035.jpg 1 11 38 56 35
0159_0019_0042_0058_0036.jpg 1 19 42 58 36
0160_0025_0034_0057_0035.jpg 1 25 34 57 35
0161_0015_0021_0059_0037.jpg 1 15 21 59 37
0162_0014_0043_0064_0040.jpg 1 14 43 64 40
0163_0036_0024_0050_0031.jpg 1 36 24 50 31
0164_0042_0026_0051_0032.jpg 1 42 26 51 32
0165_0024_0053_0063_0039.jpg 1 24 53 63 39
0166_0012_0012_0050_0031.jpg 1 12 12 50 31
0167_0012_0009_0063_0039.jpg 1 12 9 63 39
0168_0026_0038_0060_0037.jpg 1 26 38 60 37
0169_0035_0011_0049_0030.jpg 1 35 11 49 30
0170_0016_0043_0050_0031.jpg 1 16 43 50 31
0171_0024_0054_0052_0033.jpg 1 24 54 52 33
0172_0025_0041_0048_0030.jpg 1 25 41 48 30
0173_0012_0020_0060_0037.jpg 1 12 20 60 37
0174_0037_0028_0052_0032.jpg 1 37 28 52 32
0175_0019_0029_0053_0033.jpg 1 19 29 53 33
0176_0034_0043_0049_0031.jpg 1 34 43 49 31
0177_0027_0006_0068_0042.jpg 1 27 6 68 42
0178_0028_0039_0063_0039.jpg 1 28 39 63 39
0179_0010_0037_0052_0032.jpg 1 10 37 52 32
0180_0032_0041_0056_0035.jpg 1 32 41 56 35
0181_0027_0027_0069_0043.jpg 1 27 27 69 43
0182_0029_0024_0051_0032.jpg 1 29 24 51 32
0183_0005_0030_0052_0032.jpg 1 5 30 52 32
0184_0018_0040_0064_0040.jpg 1 18 40 64 40
0185_0028_0050_0057_0035.jpg 1 28 50 57 35
0186_0016_0010_0053_0033.jpg 1 16 10 53 33
0187_0003_0018_0066_0041.jpg 1 3 18 66 41
0188_0011_0032_0052_0032.jpg 1 11 32 52 32
0189_0030_0038_0060_0037.jpg 1 30 38 60 37
0190_0018_0008_0054_0034.jpg 1 18 8 54 34
0191_0032_0006_0055_0034.jpg 1 32 6 55 34
0192_0038_0035_0050_0031.jpg 1 38 35 50 31
0193_0026_0021_0061_0038.jpg 1 26 21 61 38
0194_0008_0049_0064_0040.jpg 1 8 49 64 40
0195_0005_0051_0063_0039.jpg 1 5 51 63 39
0196_0031_0022_0064_0040.jpg 1 31 22 64 40
0197_0028_0036_0055_0034.jpg 1 28 36 55 34
0198_0016_0009_0048_0030.jpg 1 16 9 48 30
0199_0037_0036_0057_0035.jpg 1 37 36 57 35
0200_0025_0037_0051_0032.jpg 1 25 37 51 32
0201_0005_0019_0055_0034.jpg 1 5 19 55 34
0202_0032_0052_0061_0038.jpg 1 32 52 61 38
0203_0029_0039_0052_0032.jpg 1 29 39 52 32
0204_0006_0030_0064_0040.jpg 1 6 30 64 40
0205_0026_0055_0051_0031.jpg 1 26 55 51 31
0206_0017_0009_0056_0035.jpg 1 17 9 56 35
0207_0004_0033_0065_0041.jpg 1 4 33 65 41
0208_0029_0010_0063_0039.jpg 1 29 10 63 39
0209_0019_0041_0053_0033.jpg 1 19 41 53 33
0210_0010_0014_0064_0040.jpg 1 10 14 64 40
0211_0015_0014_0067_0041.jpg 1 15 14 67 41
0212_0019_0060_0049_0030.jpg 1 19 60 49 30
0213_0015_0053_0054_0034.jpg 1 15 53 54 34
0214_0022_0036_0052_0032.jpg 1 22 36 52 32
0215_0027_0047_0057_0035.jpg 1 27 47 57 35
0216_0009_0019_0063_0039.jpg 1 9 19 63 39
0217_0031_0038_0064_0040.jpg 1 31 38 64 40
0218_0015_0053_0065_0040.jpg 1 15 53 65 40
0219_0012_0008_0061_0038.jpg 1 12 8 61 38
0220_0025_0050_0069_0043.jpg 1 25 50 69 43
0221_0017_0010_0055_0034.jpg 1 17 10 55 34
0222_0016_0016_0069_0043.jpg 1 16 16 69 43
0223_0006_0027_0058_0036.jpg 1 6 27 58 36
0224_0035_0047_0060_0038.jpg 1 35 47 60 38
0225_0035_0021_0059_0037.jpg 1 35 21 59 37
0226_0013_0044_0063_0039.jpg 1 13 44 63 39
0227_0027_0033_0052_0032.jpg 1 27 33 52 32
0228_0019_0050_0051_0032.jpg 1 19 50 51 32
0229_0021_0023_0069_0043.jpg 1 21 23 69 43
0230_0012_0008_0062_0038.jpg 1 12 8 62 38
0231_0030_0021_0065_0040.jpg 1 30 21 65 40
0232_0020_0007_0066_0041.jpg 1 20 7 66 41
0233_0027_0022_0065_0040.jpg 1 27 22 65 40
0234_0012_0055_0056_0035.jpg 1 12 55 56 35
0235_0033_0049_0062_0038.jpg 1 33 49 62 38
0236_0022_0055_0061_0038.jpg 1 22 55 61 38
0237_0008_0017_0059_0037.jpg 1 8 17 59 37
0238_0018_0034_0061_0038.jpg 1 18 34 61 38
0239_0034_0048_0061_0038.jpg 1 34 48 61 38
0240_0026_0049_0052_0032.jpg 1 26 49 52 32
0241_0016_0054_0063_0039.jpg 1 16 54 63 39
0242_0037_0012_0057_0036.jpg 1 37 12 57 36
0243_0022_0014_0051_0032.jpg 1 22 14 51 32
0244_0020_0034_0057_0036.jpg 1 20 34 57 36
0245_0007_0029_0069_0043.jpg 1 7 29 69 43
0246_0016_0060_0052_0032.jpg 1 16 60 52 32
0247_0010_0022_0049_0031.jpg 1 10 22 49 31
0248_0010_0050_0057_0035.jpg 1 10 50 57 35
0249_0025_0044_0058_0036.jpg 1 25 44 58 36
0250_0021_0049_0066_0041.jpg 1 21 49 66 41
0251_0026_0041_0059_0037.jpg 1 26 41 59 37
0252_0034_0050_0061_0038.jpg 1 34 50 61 38
0253_0018_0044_0064_0040.jpg 1 18 44 64 40
0254_0033_0022_0061_0038.jpg 1 33 22 61 38
0255_0008_0007_0068_0042.jpg 1 8 7 68 42
0256_0023_0014_0063_0039.jpg 1 23 14 63 39
