0001_0021_0035_0067_0042.jpg 1 21 35 67 42
0002_0024_0048_0048_0030.jpg 1 24 48 48 30
0003_0039_0047_0054_0034.jpg 1 39 47 54 34
0004_0010_0017_0065_0040.jpg 1 10 17 65 40
0005_0015_0043_0062_0038.jpg 1 15 43 62 38
0006_0008_0018_0059_0037.jpg 1 8 18 59 37
0007_0012_0047_0055_0034.jpg 1 12 47 55 34
0008_0012_0037_0056_0035.jpg 1 12 37 56 35
0009_0010_0016_0067_0042.jpg 1 10 16 67 42
0010_0029_0031_0052_0032.jpg 1 29 31 52 32
0011_0017_0016_0052_0032.jpg 1 17 16 52 32
0012_0006_0052_0050_0031.jpg 1 6 52 50 31
0013_0034_0017_0061_0038.jpg 1 34 17 61 38
0014_0014_0030_0061_0038.jpg 1 14 30 61 38
0015_0008_0018_0049_0031.jpg 1 8 18 49 31
0016_0045_0031_0048_0030.jpg 1 45 31 48 30
0017_0034_0008_0050_0031.jpg 1 34 8 50 31
0018_0015_0011_0065_0040.jpg 1 15 11 65 40
0019_0029_0045_0055_0034.jpg 1 29 45 55 34
0020_0014_0014_0058_0036.jpg 1 14 14 58 36
0021_0017_0010_0063_0039.jpg 1 17 10 63 39
0022_0014_0043_0063_0039.jpg 1 14 43 63 39
0023_0007_0029_0067_0042.jpg 1 7 29 67 42
0024_0015_0023_0063_0039.jpg 1 15 23 63 39
0025_0009_0052_0058_0036.jpg 1 9 52 58 36
0026_0042_0043_0051_0032.jpg 1 42 43 51 32
0027_0026_0038_0061_0038.jpg 1 26 38 61 38
0028_0004_0025_0057_0035.jpg 1 4 25 57 35
0029_0039_0048_0056_0035.jpg 1 39 48 56 35
0030_0032_0040_0064_0040.jpg 1 32 40 64 40
0031_0009_0026_0068_0043.jpg 1 9 26 68 43
0032_0005_0050_0053_0033.jpg 1 5 50 53 33
0033_0019_0045_0056_0035.jpg 1 19 45 56 35
0034_0005_0020_0064_0040.jpg 1 5 20 64 40
0035_0004_0039_0066_0041.jpg 1 4 39 66 41
0036_0009_0010_0059_0037.jpg 1 9 10 59 37
0037_0018_0009_0058_0036.jpg 1 18 9 58 36
0038_0020_0029_0058_0036.jpg 1 20 29 58 36
0039_0015_0040_0066_0041.jpg 1 15 40 66 41
0040_0016_0042_0069_0043.jpg 1 16 42 69 43
0041_0028_0025_0063_0039.jpg 1 28 25 63 39
0042_0018_0026_0068_0043.jpg 1 18 26 68 43
0043_0006_0014_0067_0042.jpg 1 6 14 67 42
0044_0021_0057_0053_0033.jpg 1 21 57 53 33
0045_0006_0044_0056_0035.jpg 1 6 44 56 35
0046_0022_0033_0048_0030.jpg 1 22 33 48 30
0047_0009_0040_0058_0036.jpg 1 9 40 58 36
0048_0008_0050_0052_0033.jpg 1 8 50 52 33
0049_0010_0041_0062_0038.jpg 1 10 41 62 38
0050_0016_0012_0059_0037.jpg 1 16 12 59 37
0051_0018_0013_0059_0036.jpg 1 18 13 59 36
0052_0016_0035_0059_0037.jpg 1 16 35 59 37
0053_0022_0052_0065_0040.jpg 1 22 52 65 40
0054_0006_0035_0063_0039.jpg 1 6 35 63 39
0055_0027_0032_0051_0031.jpg 1 27 32 51 31
0056_0017_0051_0067_0042.jpg 1 17 51 67 42
0057_0029_0049_0054_0034.jpg 1 29 49 54 34
0058_0013_0048_0058_0036.jpg 1 13 48 58 36
0059_0024_0024_0062_0038.jpg 1 24 24 62 38
0060_0014_0015_0067_0042.jpg 1 14 15 67 42
0061_0022_0052_0059_0037.jpg 1 22 52 59 37
0062_0044_0028_0050_0031.jpg 1 44 28 50 31
0063_0004_0048_0069_0043.jpg 1 4 48 69 43
0064_0026_0051_0053_0033.jpg 1 26 51 53 33
0065_0024_0041_0060_0037.jpg 1 24 41 60 37
0066_0028_0046_0066_0041.jpg 1 28 46 66 41
0067_0008_0030_0064_0040.jpg 1 8 30 64 40
0068_0028_0037_0058_0036.jpg 1 28 37 58 36
0069_0010_0023_0069_0043.jpg 1 10 23 69 43
0070_0022_0020_0051_0032.jpg 1 22 20 51 32
0071_0005_0022_0063_0039.jpg 1 5 22 63 39
0072_0006_0031_0061_0038.jpg 1 6 31 61 38
0073_0027_0007_0062_0039.jpg 1 27 7 62 39
0074_0011_0011_0065_0040.jpg 1 11 11 65 40
0075_0012_0018_0048_0030.jpg 1 12 18 48 30
0076_0010_0048_0051_0032.jpg 1 10 48 51 32
0077_0013_0049_0050_0031.jpg 1 13 49 50 31
0078_0035_0033_0055_0034.jpg 1 35 33 55 34
0079_0032_0051_0048_0030.jpg 1 32 51 48 30
0080_0026_0009_0064_0040.jpg 1 26 9 64 40
0081_0014_0048_0057_0035.jpg 1 14 48 57 35
0082_0019_0011_0061_0038.jpg 1 19 11 61 38
0083_0019_0050_0053_0033.jpg 1 19 50 53 33
0084_0036_0012_0059_0037.jpg 1 36 12 59 37
0085_0015_0019_0059_0037.jpg 1 15 19 59 37
0086_0018_0047_0056_0035.jpg 1 18 47 56 35
0087_0035_0012_0057_0035.jpg 1 35 12 57 35
0088_0017_0016_0056_0035.jpg 1 17 16 56 35
0089_0019_0034_0052_0032.jpg 1 19 34 52 32
0090_0008_0014_0059_0037.jpg 1 8 14 59 37
0091_0022_0045_0058_0036.jpg 1 22 45 58 36
0092_0014_0030_0066_0041.jpg 1 14 30 66 41
0093_0016_0050_0067_0041.jpg 1 16 50 67 41
0094_0024_0046_0048_0030.jpg 1 24 46 48 30
0095_0012_0026_0052_0032.jpg 1 12 26 52 32
0096_0029_0027_0064_0040.jpg 1 29 27 64 40
0097_0015_0023_0064_0040.jpg 1 15 23 64 40
0098_0017_0045_0048_0030.jpg 1 17 45 48 30
0099_0012_0031_0059_0036.jpg 1 12 31 59 36
0100_0031_0026_0064_0040.jpg 1 31 26 64 40
0101_0025_0021_0069_0043.jpg 1 25 21 69 43
0102_0042_0051_0052_0032.jpg 1 42 51 52 32
0103_0029_0027_0064_0040.jpg 1 29 27 64 40
0104_0022_0045_0059_0037.jpg 1 22 45 59 37
0105_0015_0020_0060_0037.jpg 1 15 20 60 37
0106_0023_0035_0067_0042.jpg 1 23 35 67 42
0107_0019_0050_0067_0042.jpg 1 19 50 67 42
0108_0026_0046_0061_0038.jpg 1 26 46 61 38
0109_0021_0047_0067_0042.jpg 1 21 47 67 42
0110_0039_0033_0052_0032.jpg 1 39 33 52 32
0111_0023_0035_0051_0032.jpg 1 23 35 51 32
0112_0016_0017_0058_0036.jpg 1 16 17 58 36
0113_0039_0036_0056_0035.jpg 1 39 36 56 35
0114_0016_0034_0055_0034.jpg 1 16 34 55 34
0115_0014_0041_0069_0043.jpg 1 14 41 69 43
0116_0017_0016_0055_0034.jpg 1 17 16 55 34
0117_0014_0050_0057_0035.jpg 1 14 50 57 35
0118_0027_0015_0059_0037.jpg 1 27 15 59 37
0119_0026_0051_0067_0041.jpg 1 26 51 67 41
0120_0007_0043_0064_0040.jpg 1 7 43 64 40
0121_0026_0038_0068_0042.jpg 1 26 38 68 42
0122_0022_0025_0060_0037.jpg 1 22 25 60 37
0123_0019_0034_0062_0038.jpg 1 19 34 62 38
0124_0011_0045_0056_0035.jpg 1 11 45 56 35
0125_0010_0017_0056_0035.jpg 1 10 17 56 35
0126_0020_0039_0065_0040.jpg 1 20 39 65 40
0127_0023_0035_0067_0042.jpg 1 23 35 67 42
0128_0043_0032_0050_0031.jpg 1 43 32 50 31
