0001_0030_0044_0059_0037.jpg 1 30 44 59 37
0002_0012_0046_0068_0043.jpg 1 12 46 68 43
0003_0021_0025_0063_0039.jpg 1 21 25 63 39
0004_0028_0021_0048_0030.jpg 1 28 21 48 30
0005_0030_0035_0060_0037.jpg 1 30 35 60 37
0006_0021_0026_0052_0032.jpg 1 21 26 52 32
0007_0017_0051_0055_0034.jpg 1 17 51 55 34
0008_0014_0058_0057_0035.jpg 1 14 58 57 35
0009_0018_0016_0050_0031.jpg 1 18 16 50 31
0010_0028_0006_0064_0040.jpg 1 28 6 64 40
0011_0005_0006_0054_0034.jpg 1 5 6 54 34
0012_0003_0046_0068_0043.jpg 1 3 46 68 43
0013_0033_0054_0060_0037.jpg 1 33 54 60 37
0014_0022_0021_0056_0035.jpg 1 22 21 56 35
0015_0033_0055_0053_0033.jpg 1 33 55 53 33
0016_0017_0044_0056_0035.jpg 1 17 44 56 35
0017_0026_0023_0049_0030.jpg 1 26 23 49 30
0018_0033_0054_0059_0036.jpg 1 33 54 59 36
0019_0019_0029_0064_0040.jpg 1 19 29 64 40
0020_0021_0027_0048_0030.jpg 1 21 27 48 30
0021_0024_0049_0069_0043.jpg 1 24 49 69 43
0022_0013_0019_0067_0042.jpg 1 13 19 67 42
0023_0025_0048_0060_0037.jpg 1 25 48 60 37
0024_0004_0028_0066_0041.jpg 1 4 28 66 41
0025_0031_0026_0062_0038.jpg 1 31 26 62 38
0026_0011_0018_0069_0043.jpg 1 11 18 69 43
0027_0029_0024_0053_0033.jpg 1 29 24 53 33
0028_0017_0052_0065_0040.jpg 1 17 52 65 40
0029_0024_0047_0069_0043.jpg 1 24 47 69 43
0030_0020_0010_0068_0043.jpg 1 20 10 68 43
0031_0011_0018_0051_0032.jpg 1 11 18 51 32
0032_0014_0037_0049_0031.jpg 1 14 37 49 31
0033_0030_0037_0058_0036.jpg 1 30 37 58 36
0034_0023_0024_0052_0032.jpg 1 23 24 52 32
0035_0035_0057_0048_0030.jpg 1 35 57 48 30
0036_0008_0057_0052_0032.jpg 1 8 57 52 32
0037_0016_0037_0068_0042.jpg 1 16 37 68 42
0038_0018_0031_0062_0039.jpg 1 18 31 62 39
0039_0021_0062_0048_0030.jpg 1 21 62 48 30
0040_0012_0017_0052_0032.jpg 1 12 17 52 32
0041_0018_0046_0062_0039.jpg 1 18 46 62 39
0042_0021_0010_0058_0036.jpg 1 21 10 58 36
0043_0034_0020_0056_0035.jpg 1 34 20 56 35
0044_0030_0039_0060_0038.jpg 1 30 39 60 38
0045_0014_0037_0067_0042.jpg 1 14 37 67 42
0046_0026_0044_0061_0038.jpg 1 26 44 61 38
0047_0012_0026_0057_0036.jpg 1 12 26 57 36
0048_0010_0030_0064_0040.jpg 1 10 30 64 40
0049_0028_0025_0055_0034.jpg 1 28 25 55 34
0050_0006_0044_0060_0038.jpg 1 6 44 60 38
0051_0011_0062_0048_0030.jpg 1 11 62 48 30
0052_0008_0030_0058_0036.jpg 1 8 30 58 36
0053_0009_0027_0065_0040.jpg 1 9 27 65 40
0054_0039_0051_0052_0032.jpg 1 39 51 52 32
0055_0026_0042_0061_0038.jpg 1 26 42 61 38
0056_0041_0042_0051_0032.jpg 1 41 42 51 32
0057_0015_0027_0055_0034.jpg 1 15 27 55 34
0058_0010_0046_0061_0038.jpg 1 10 46 61 38
0059_0024_0021_0052_0032.jpg 1 24 21 52 32
0060_0015_0011_0069_0043.jpg 1 15 11 69 43
0061_0013_0008_0069_0043.jpg 1 13 8 69 43
0062_0025_0044_0054_0034.jpg 1 25 44 54 34
0063_0018_0041_0050_0031.jpg 1 18 41 50 31
0064_0025_0040_0066_0041.jpg 1 25 40 66 41
0065_0023_0027_0063_0039.jpg 1 23 27 63 39
0066_0006_0029_0054_0033.jpg 1 6 29 54 33
0067_0020_0007_0069_0043.jpg 1 20 7 69 43
0068_0032_0050_0054_0033.jpg 1 32 50 54 33
0069_0023_0043_0061_0038.jpg 1 23 43 61 38
0070_0015_0028_0052_0032.jpg 1 15 28 52 32
0071_0004_0022_0069_0043.jpg 1 4 22 69 43
0072_0031_0049_0061_0038.jpg 1 31 49 61 38
0073_0012_0021_0065_0040.jpg 1 12 21 65 40
0074_0018_0033_0055_0034.jpg 1 18 33 55 34
0075_0024_0033_0054_0033.jpg 1 24 33 54 33
0076_0007_0032_0067_0042.jpg 1 7 32 67 42
0077_0008_0020_0054_0034.jpg 1 8 20 54 34
0078_0003_0036_0067_0042.jpg 1 3 36 67 42
0079_0010_0047_0063_0039.jpg 1 10 47 63 39
0080_0022_0036_0066_0041.jpg 1 22 36 66 41
0081_0029_0052_0065_0040.jpg 1 29 52 65 40
0082_0035_0047_0051_0031.jpg 1 35 47 51 31
0083_0027_0014_0056_0035.jpg 1 27 14 56 35
0084_0028_0050_0065_0041.jpg 1 28 50 65 41
0085_0014_0048_0055_0034.jpg 1 14 48 55 34
0086_0029_0029_0052_0033.jpg 1 29 29 52 33
0087_0006_0029_0064_0040.jpg 1 6 29 64 40
0088_0004_0013_0064_0040.jpg 1 4 13 64 40
0089_0009_0037_0059_0037.jpg 1 9 37 59 37
0090_0024_0038_0054_0034.jpg 1 24 38 54 34
0091_0005_0032_0052_0032.jpg 1 5 32 52 32
0092_0014_0016_0068_0042.jpg 1 14 16 68 42
0093_0006_0013_0060_0038.jpg 1 6 13 60 38
0094_0027_0013_0057_0035.jpg 1 27 13 57 35
0095_0009_0009_0052_0032.jpg 1 9 9 52 32
0096_0027_0020_0062_0039.jpg 1 27 20 62 39
0097_0024_0031_0065_0040.jpg 1 24 31 65 40
0098_0028_0028_0059_0037.jpg 1 28 28 59 37
0099_0028_0047_0059_0037.jpg 1 28 47 59 37
0100_0015_0009_0053_0033.jpg 1 15 9 53 33
0101_0019_0043_0066_0041.jpg 1 19 43 66 41
0102_0025_0051_0051_0031.jpg 1 25 51 51 31
0103_0022_0028_0053_0033.jpg 1 22 28 53 33
0104_0005_0034_0062_0039.jpg 1 5 34 62 39
0105_0024_0040_0053_0033.jpg 1 24 40 53 33
0106_0017_0022_0055_0034.jpg 1 17 22 55 34
0107_0009_0035_0064_0040.jpg 1 9 35 64 40
0108_0038_0024_0050_0031.jpg 1 38 24 50 31
0109_0009_0022_0061_0038.jpg 1 9 22 61 38
0110_0014_0011_0060_0037.jpg 1 14 11 60 37
0111_0011_0014_0066_0041.jpg 1 11 14 66 41
0112_0011_0031_0058_0036.jpg 1 11 31 58 36
0113_0029_0032_0053_0033.jpg 1 29 32 53 33
0114_0013_0009_0051_0032.jpg 1 13 9 51 32
0115_0032_0053_0050_0031.jpg 1 32 53 50 31
0116_0033_0013_0048_0030.jpg 1 33 13 48 30
0117_0020_0044_0065_0041.jpg 1 20 44 65 41
0118_0009_0047_0064_0040.jpg 1 9 47 64 40
0119_0005_0029_0060_0038.jpg 1 5 29 60 38
0120_0017_0015_0048_0030.jpg 1 17 15 48 30
0121_0039_0055_0056_0035.jpg 1 39 55 56 35
0122_0021_0038_0060_0037.jpg 1 21 38 60 37
0123_0029_0053_0054_0034.jpg 1 29 53 54 34
0124_0024_0031_0062_0039.jpg 1 24 31 62 39
0125_0028_0007_0055_0034.jpg 1 28 7 55 34
0126_0008_0012_0056_0035.jpg 1 8 12 56 35
0127_0023_0039_0058_0036.jpg 1 23 39 58 36
0128_0020_0041_0048_0030.jpg 1 20 41 48 30
0129_0034_0052_0061_0038.jpg 1 34 52 61 38
0130_0021_0015_0064_0040.jpg 1 21 15 64 40
0131_0009_0017_0066_0041.jpg 1 9 17 66 41
0132_0015_0014_0056_0035.jpg 1 15 14 56 35
0133_0004_0021_0063_0039.jpg 1 4 21 63 39
0134_0005_0011_0056_0035.jpg 1 5 11 56 35
0135_0012_0058_0050_0031.jpg 1 12 58 50 31
0136_0004_0050_0068_0042.jpg 1 4 50 68 42
0137_0027_0036_0069_0043.jpg 1 27 36 69 43
0138_0045_0056_0048_0030.jpg 1 45 56 48 30
0139_0005_0022_0060_0037.jpg 1 5 22 60 37
0140_0011_0028_0057_0035.jpg 1 11 28 57 35
0141_0009_0047_0068_0043.jpg 1 9 47 68 43
0142_0012_0019_0061_0038.jpg 1 12 19 61 38
0143_0014_0053_0053_0033.jpg 1 14 53 53 33
0144_0043_0026_0051_0032.jpg 1 43 26 51 32
0145_0012_0032_0051_0032.jpg 1 12 32 51 32
0146_0010_0040_0066_0041.jpg 1 10 40 66 41
0147_0008_0039_0062_0038.jpg 1 8 39 62 38
0148_0020_0006_0064_0040.jpg 1 20 6 64 40
0149_0010_0020_0068_0043.jpg 1 10 20 68 43
0150_0018_0005_0067_0042.jpg 1 18 5 67 42
0151_0021_0044_0051_0032.jpg 1 21 44 51 32
0152_0004_0009_0059_0037.jpg 1 4 9 59 37
0153_0006_0010_0065_0040.jpg 1 6 10 65 40
0154_0031_0030_0061_0038.jpg 1 31 30 61 38
0155_0024_0037_0056_0035.jpg 1 24 37 56 35
0156_0013_0025_0069_0043.jpg 1 13 25 69 43
0157_0013_0016_0067_0042.jpg 1 13 16 67 42
0158_0025_0014_0068_0042.jpg 1 25 14 68 42
0159_0038_0049_0052_0032.jpg 1 38 49 52 32
0160_0014_0037_0067_0042.jpg 1 14 37 67 42
0161_0038_0009_0050_0031.jpg 1 38 9 50 31
0162_0009_0012_0060_0038.jpg 1 9 12 60 38
0163_0020_0043_0067_0042.jpg 1 20 43 67 42
0164_0036_0042_0055_0034.jpg 1 36 42 55 34
0165_0016_0032_0060_0037.jpg 1 16 32 60 37
0166_0031_0048_0063_0039.jpg 1 31 48 63 39
0167_0030_0008_0050_0031.jpg 1 30 8 50 31
0168_0023_0021_0051_0032.jpg 1 23 21 51 32
0169_0027_0031_0063_0039.jpg 1 27 31 63 39
0170_0004_0039_0055_0034.jpg 1 4 39 55 34
0171_0029_0036_0052_0032.jpg 1 29 36 52 32
0172_0033_0043_0057_0035.jpg 1 33 43 57 35
0173_0045_0043_0048_0030.jpg 1 45 43 48 30
0174_0006_0012_0053_0033.jpg 1 6 12 53 33
0175_0036_0014_0056_0035.jpg 1 36 14 56 35
0176_0012_0034_0051_0032.jpg 1 12 34 51 32
0177_0014_0035_0068_0042.jpg 1 14 35 68 42
0178_0012_0031_0063_0039.jpg 1 12 31 63 39
0179_0017_0026_0069_0043.jpg 1 17 26 69 43
0180_0015_0037_0057_0035.jpg 1 15 37 57 35
0181_0036_0008_0055_0034.jpg 1 36 8 55 34
0182_0005_0032_0066_0041.jpg 1 5 32 66 41
0183_0008_0006_0065_0040.jpg 1 8 6 65 40
0184_0029_0062_0049_0030.jpg 1 29 62 49 30
0185_0024_0016_0055_0034.jpg 1 24 16 55 34
0186_0025_0013_0060_0037.jpg 1 25 13 60 37
0187_0016_0028_0068_0042.jpg 1 16 28 68 42
0188_0038_0039_0056_0035.jpg 1 38 39 56 35
0189_0019_0005_0067_0042.jpg 1 19 5 67 42
0190_0015_0038_0049_0030.jpg 1 15 38 49 30
0191_0021_0012_0068_0042.jpg 1 21 12 68 42
0192_0018_0037_0061_0038.jpg 1 18 37 61 38
0193_0023_0012_0062_0038.jpg 1 23 12 62 38
0194_0012_0020_0056_0035.jpg 1 12 20 56 35
0195_0011_0041_0057_0036.jpg 1 11 41 57 36
0196_0029_0055_0051_0032.jpg 1 29 55 51 32
0197_0005_0038_0056_0035.jpg 1 5 38 56 35
0198_0003_0045_0067_0041.jpg 1 3 45 67 41
0199_0007_0035_0059_0037.jpg 1 7 35 59 37
0200_0009_0008_0050_0031.jpg 1 9 8 50 31
0201_0005_0056_0049_0030.jpg 1 5 56 49 30
0202_0012_0014_0048_0030.jpg 1 12 14 48 30
0203_0005_0012_0067_0042.jpg 1 5 12 67 42
0204_0016_0015_0063_0039.jpg 1 16 15 63 39
0205_0027_0038_0058_0036.jpg 1 27 38 58 36
0206_0009_0008_0055_0034.jpg 1 9 8 55 34
0207_0031_0028_0052_0032.jpg 1 31 28 52 32
0208_0028_0026_0065_0040.jpg 1 28 26 65 40
0209_0045_0013_0049_0030.jpg 1 45 13 49 30
0210_0020_0007_0061_0038.jpg 1 20 7 61 38
0211_0008_0062_0048_0030.jpg 1 8 62 48 30
0212_0041_0035_0053_0033.jpg 1 41 35 53 33
0213_0009_0025_0069_0043.jpg 1 9 25 69 43
0214_0013_0058_0048_0030.jpg 1 13 58 48 30
0215_0011_0030_0069_0043.jpg 1 11 30 69 43
0216_0012_0017_0057_0035.jpg 1 12 17 57 35
0217_0020_0015_0050_0031.jpg 1 20 15 50 31
0218_0020_0020_0058_0036.jpg 1 20 20 58 36
0219_0019_0020_0057_0035.jpg 1 19 20 57 35
0220_0031_0012_0051_0032.jpg 1 31 12 51 32
0221_0037_0053_0052_0032.jpg 1 37 53 52 32
0222_0019_0017_0065_0040.jpg 1 19 17 65 40
0223_0024_0023_0066_0041.jpg 1 24 23 66 41
0224_0021_0013_0065_0041.jpg 1 21 13 65 41
0225_0007_0012_0054_0034.jpg 1 7 12 54 34
0226_0010_0027_0067_0041.jpg 1 10 27 67 41
0227_0012_0024_0054_0033.jpg 1 12 24 54 33
0228_0018_0022_0068_0042.jpg 1 18 22 68 42
0229_0027_0019_0059_0036.jpg 1 27 19 59 36
0230_0015_0049_0069_0043.jpg 1 15 49 69 43
0231_0040_0046_0051_0032.jpg 1 40 46 51 32
0232_0004_0046_0059_0037.jpg 1 4 46 59 37
0233_0013_0014_0069_0043.jpg 1 13 14 69 43
0234_0005_0016_0048_0030.jpg 1 5 16 48 30
0235_0005_0048_0053_0033.jpg 1 5 48 53 33
0236_0039_0043_0056_0035.jpg 1 39 43 56 35
0237_0015_0040_0053_0033.jpg 1 15 40 53 33
0238_0019_0047_0061_0038.jpg 1 19 47 61 38
0239_0013_0043_0064_0040.jpg 1 13 43 64 40
0240_0010_0020_0061_0038.jpg 1 10 20 61 38
0241_0022_0051_0067_0042.jpg 1 22 51 67 42
0242_0028_0056_0050_0031.jpg 1 28 56 50 31
0243_0007_0008_0058_0036.jpg 1 7 8 58 36
0244_0027_0023_0051_0032.jpg 1 27 23 51 32
0245_0025_0009_0052_0032.jpg 1 25 9 52 32
0246_0007_0042_0057_0035.jpg 1 7 42 57 35
0247_0010_0031_0052_0032.jpg 1 10 31 52 32
0248_0033_0009_0053_0033.jpg 1 33 9 53 33
0249_0016_0022_0050_0031.jpg 1 16 22 50 31
0250_0009_0009_0057_0035.jpg 1 9 9 57 35
0251_0033_0027_0059_0037.jpg 1 33 27 59 37
0252_0007_0050_0068_0042.jpg 1 7 50 68 42
0253_0003_0032_0069_0043.jpg 1 3 32 69 43
0254_0007_0039_0062_0039.jpg 1 7 39 62 39
0255_0046_0060_0048_0030.jpg 1 46 60 48 30
0256_0034_0041_0050_0031.jpg 1 34 41 50 31
