0001_0004_0040_0065_0041.jpg 1 4 40 65 41
0002_0015_0051_0051_0032.jpg 1 15 51 51 32
0003_0005_0012_0057_0036.jpg 1 5 12 57 36
0004_0038_0031_0056_0035.jpg 1 38 31 56 35
0005_0019_0015_0055_0034.jpg 1 19 15 55 34
0006_0022_0014_0065_0040.jpg 1 22 14 65 40
0007_0013_0034_0069_0043.jpg 1 13 34 69 43
0008_0003_0038_0066_0041.jpg 1 3 38 66 41
0009_0004_0057_0055_0034.jpg 1 4 57 55 34
0010_0035_0052_0053_0033.jpg 1 35 52 53 33
0011_0005_0006_0066_0041.jpg 1 5 6 66 41
0012_0012_0028_0064_0040.jpg 1 12 28 64 40
0013_0006_0038_0052_0032.jpg 1 6 38 52 32
0014_0029_0021_0059_0037.jpg 1 29 21 59 37
0015_0034_0016_0060_0037.jpg 1 34 16 60 37
0016_0023_0013_0062_0039.jpg 1 23 13 62 39
0017_0027_0028_0057_0036.jpg 1 27 28 57 36
0018_0010_0042_0063_0039.jpg 1 10 42 63 39
0019_0005_0050_0069_0043.jpg 1 5 50 69 43
0020_0017_0036_0068_0042.jpg 1 17 36 68 42
0021_0014_0030_0048_0030.jpg 1 14 30 48 30
0022_0018_0037_0068_0042.jpg 1 18 37 68 42
0023_0012_0051_0064_0040.jpg 1 12 51 64 40
0024_0024_0032_0066_0041.jpg 1 24 32 66 41
0025_0017_0024_0064_0040.jpg 1 17 24 64 40
0026_0029_0008_0048_0030.jpg 1 29 8 48 30
0027_0027_0039_0065_0040.jpg 1 27 39 65 40
0028_0005_0049_0067_0041.jpg 1 5 49 67 41
0029_0003_0035_0069_0043.jpg 1 3 35 69 43
0030_0027_0052_0062_0039.jpg 1 27 52 62 39
0031_0023_0030_0060_0037.jpg 1 23 30 60 37
0032_0016_0016_0061_0038.jpg 1 16 16 61 38
0033_0020_0036_0067_0042.jpg 1 20 36 67 42
0034_0008_0007_0048_0030.jpg 1 8 7 48 30
0035_0006_0047_0057_0036.jpg 1 6 47 57 36
0036_0022_0037_0055_0034.jpg 1 22 37 55 34
0037_0030_0060_0051_0031.jpg 1 30 60 51 31
0038_0009_0016_0054_0034.jpg 1 9 16 54 34
0039_0025_0055_0056_0035.jpg 1 25 55 56 35
0040_0016_0031_0052_0032.jpg 1 16 31 52 32
0041_0011_0010_0052_0032.jpg 1 11 10 52 32
0042_0035_0028_0055_0034.jpg 1 35 28 55 34
0043_0025_0026_0058_0036.jpg 1 25 26 58 36
0044_0025_0056_0055_0034.jpg 1 25 56 55 34
0045_0004_0007_0069_0043.jpg 1 4 7 69 43
0046_0027_0017_0069_0043.jpg 1 27 17 69 43
0047_0018_0039_0052_0032.jpg 1 18 39 52 32
0048_0034_0053_0060_0037.jpg 1 34 53 60 37
0049_0039_0046_0052_0032.jpg 1 39 46 52 32
0050_0019_0045_0052_0032.jpg 1 19 45 52 32
0051_0021_0029_0065_0041.jpg 1 21 29 65 41
0052_0023_0012_0054_0034.jpg 1 23 12 54 34
0053_0022_0017_0055_0034.jpg 1 22 17 55 34
0054_0007_0029_0060_0037.jpg 1 7 29 60 37
0055_0023_0036_0063_0039.jpg 1 23 36 63 39
0056_0013_0042_0048_0030.jpg 1 13 42 48 30
0057_0027_0007_0065_0041.jpg 1 27 7 65 41
0058_0012_0042_0061_0038.jpg 1 12 42 61 38
0059_0007_0042_0049_0030.jpg 1 7 42 49 30
0060_0008_0008_0065_0041.jpg 1 8 8 65 41
0061_0014_0027_0064_0040.jpg 1 14 27 64 40
0062_0005_0032_0051_0031.jpg 1 5 32 51 31
0063_0036_0020_0051_0032.jpg 1 36 20 51 32
0064_0015_0052_0066_0041.jpg 1 15 52 66 41
0065_0018_0021_0054_0033.jpg 1 18 21 54 33
0066_0007_0027_0059_0037.jpg 1 7 27 59 37
0067_0005_0043_0053_0033.jpg 1 5 43 53 33
0068_0023_0012_0061_0038.jpg 1 23 12 61 38
0069_0008_0013_0058_0036.jpg 1 8 13 58 36
0070_0037_0050_0049_0030.jpg 1 37 50 49 30
0071_0037_0053_0050_0031.jpg 1 37 53 50 31
0072_0027_0014_0052_0032.jpg 1 27 14 52 32
0073_0038_0028_0053_0033.jpg 1 38 28 53 33
0074_0023_0017_0066_0041.jpg 1 23 17 66 41
0075_0004_0008_0062_0039.jpg 1 4 8 62 39
0076_0004_0048_0058_0036.jpg 1 4 48 58 36
0077_0013_0035_0060_0037.jpg 1 13 35 60 37
0078_0013_0009_0048_0030.jpg 1 13 9 48 30
0079_0040_0023_0052_0032.jpg 1 40 23 52 32
0080_0027_0049_0067_0042.jpg 1 27 49 67 42
0081_0006_0017_0064_0040.jpg 1 6 17 64 40
0082_0027_0028_0058_0036.jpg 1 27 28 58 36
0083_0031_0009_0048_0030.jpg 1 31 9 48 30
0084_0005_0030_0050_0031.jpg 1 5 30 50 31
0085_0037_0040_0049_0030.jpg 1 37 40 49 30
0086_0009_0016_0068_0043.jpg 1 9 16 68 43
0087_0023_0033_0058_0036.jpg 1 23 33 58 36
0088_0020_0039_0062_0039.jpg 1 20 39 62 39
0089_0034_0033_0051_0032.jpg 1 34 33 51 32
0090_0005_0042_0062_0039.jpg 1 5 42 62 39
0091_0015_0044_0069_0043.jpg 1 15 44 69 43
0092_0041_0033_0052_0032.jpg 1 41 33 52 32
0093_0012_0042_0063_0039.jpg 1 12 42 63 39
0094_0009_0019_0054_0033.jpg 1 9 19 54 33
0095_0027_0038_0067_0042.jpg 1 27 38 67 42
0096_0018_0042_0067_0042.jpg 1 18 42 67 42
0097_0007_0011_0067_0042.jpg 1 7 11 67 42
0098_0019_0026_0067_0042.jpg 1 19 26 67 42
0099_0006_0043_0069_0043.jpg 1 6 43 69 43
0100_0017_0019_0062_0038.jpg 1 17 19 62 38
0101_0022_0049_0048_0030.jpg 1 22 49 48 30
0102_0022_0055_0058_0036.jpg 1 22 55 58 36
0103_0029_0045_0067_0042.jpg 1 29 45 67 42
0104_0011_0053_0065_0041.jpg 1 11 53 65 41
0105_0013_0011_0057_0036.jpg 1 13 11 57 36
0106_0004_0033_0065_0040.jpg 1 4 33 65 40
0107_0013_0025_0067_0042.jpg 1 13 25 67 42
0108_0035_0026_0054_0034.jpg 1 35 26 54 34
0109_0045_0030_0049_0030.jpg 1 45 30 49 30
0110_0034_0016_0058_0036.jpg 1 34 16 58 36
0111_0005_0036_0066_0041.jpg 1 5 36 66 41
0112_0011_0052_0059_0036.jpg 1 11 52 59 36
0113_0021_0049_0050_0031.jpg 1 21 49 50 31
0114_0003_0029_0065_0040.jpg 1 3 29 65 40
0115_0016_0029_0063_0039.jpg 1 16 29 63 39
0116_0015_0019_0065_0041.jpg 1 15 19 65 41
0117_0020_0044_0058_0036.jpg 1 20 44 58 36
0118_0041_0033_0051_0032.jpg 1 41 33 51 32
0119_0016_0015_0061_0038.jpg 1 16 15 61 38
0120_0020_0021_0048_0030.jpg 1 20 21 48 30
0121_0012_0042_0068_0042.jpg 1 12 42 68 42
0122_0022_0046_0069_0043.jpg 1 22 46 69 43
0123_0020_0045_0068_0042.jpg 1 20 45 68 42
0124_0029_0035_0056_0035.jpg 1 29 35 56 35
0125_0008_0044_0057_0035.jpg 1 8 44 57 35
0126_0011_0044_0053_0033.jpg 1 11 44 53 33
0127_0016_0047_0054_0034.jpg 1 16 47 54 34
0128_0014_0041_0051_0032.jpg 1 14 41 51 32
0129_0019_0041_0056_0035.jpg 1 19 41 56 35
0130_0023_0043_0058_0036.jpg 1 23 43 58 36
0131_0024_0048_0069_0043.jpg 1 24 48 69 43
0132_0020_0012_0062_0038.jpg 1 20 12 62 38
0133_0040_0030_0054_0033.jpg 1 40 30 54 33
0134_0021_0045_0065_0041.jpg 1 21 45 65 41
0135_0025_0044_0065_0040.jpg 1 25 44 65 40
0136_0013_0048_0066_0041.jpg 1 13 48 66 41
0137_0028_0008_0051_0032.jpg 1 28 8 51 32
0138_0029_0045_0053_0033.jpg 1 29 45 53 33
0139_0026_0027_0057_0035.jpg 1 26 27 57 35
0140_0011_0018_0060_0037.jpg 1 11 18 60 37
0141_0020_0043_0061_0038.jpg 1 20 43 61 38
0142_0005_0051_0055_0034.jpg 1 5 51 55 34
0143_0022_0019_0068_0042.jpg 1 22 19 68 42
0144_0015_0013_0058_0036.jpg 1 15 13 58 36
0145_0031_0028_0064_0040.jpg 1 31 28 64 40
0146_0017_0053_0058_0036.jpg 1 17 53 58 36
0147_0026_0040_0067_0041.jpg 1 26 40 67 41
0148_0016_0056_0050_0031.jpg 1 16 56 50 31
0149_0022_0030_0051_0032.jpg 1 22 30 51 32
0150_0035_0050_0051_0032.jpg 1 35 50 51 32
0151_0010_0046_0067_0042.jpg 1 10 46 67 42
0152_0025_0051_0064_0040.jpg 1 25 51 64 40
0153_0033_0049_0058_0036.jpg 1 33 49 58 36
0154_0012_0018_0067_0042.jpg 1 12 18 67 42
0155_0029_0034_0066_0041.jpg 1 29 34 66 41
0156_0015_0027_0068_0042.jpg 1 15 27 68 42
0157_0023_0056_0052_0032.jpg 1 23 56 52 32
0158_0004_0020_0069_0043.jpg 1 4 20 69 43
0159_0027_0045_0060_0037.jpg 1 27 45 60 37
0160_0027_0023_0061_0038.jpg 1 27 23 61 38
0161_0010_0032_0067_0042.jpg 1 10 32 67 42
0162_0028_0053_0052_0032.jpg 1 28 53 52 32
0163_0004_0036_0064_0040.jpg 1 4 36 64 40
0164_0011_0051_0061_0038.jpg 1 11 51 61 38
0165_0032_0009_0048_0030.jpg 1 32 9 48 30
0166_0016_0027_0053_0033.jpg 1 16 27 53 33
0167_0031_0010_0064_0040.jpg 1 31 10 64 40
0168_0009_0032_0064_0040.jpg 1 9 32 64 40
0169_0027_0046_0064_0040.jpg 1 27 46 64 40
0170_0003_0035_0069_0043.jpg 1 3 35 69 43
0171_0007_0025_0061_0038.jpg 1 7 25 61 38
0172_0010_0060_0050_0031.jpg 1 10 60 50 31
0173_0014_0015_0058_0036.jpg 1 14 15 58 36
0174_0004_0050_0069_0043.jpg 1 4 50 69 43
0175_0040_0018_0048_0030.jpg 1 40 18 48 30
0176_0019_0036_0060_0037.jpg 1 19 36 60 37
0177_0020_0019_0065_0040.jpg 1 20 19 65 40
0178_0021_0058_0053_0033.jpg 1 21 58 53 33
0179_0015_0036_0066_0041.jpg 1 15 36 66 41
0180_0033_0021_0062_0039.jpg 1 33 21 62 39
0181_0009_0052_0051_0032.jpg 1 9 52 51 32
0182_0019_0031_0060_0038.jpg 1 19 31 60 38
0183_0003_0010_0065_0041.jpg 1 3 10 65 41
0184_0004_0043_0069_0043.jpg 1 4 43 69 43
0185_0035_0038_0059_0037.jpg 1 35 38 59 37
0186_0028_0027_0064_0040.jpg 1 28 27 64 40
0187_0029_0033_0058_0036.jpg 1 29 33 58 36
0188_0032_0024_0062_0039.jpg 1 32 24 62 39
0189_0019_0032_0051_0031.jpg 1 19 32 51 31
0190_0017_0040_0056_0035.jpg 1 17 40 56 35
0191_0020_0006_0061_0038.jpg 1 20 6 61 38
0192_0034_0040_0059_0037.jpg 1 34 40 59 37
0193_0005_0017_0066_0041.jpg 1 5 17 66 41
0194_0010_0037_0065_0041.jpg 1 10 37 65 41
0195_0035_0047_0051_0032.jpg 1 35 47 51 32
0196_0024_0029_0065_0041.jpg 1 24 29 65 41
0197_0005_0023_0062_0039.jpg 1 5 23 62 39
0198_0028_0044_0066_0041.jpg 1 28 44 66 41
0199_0008_0012_0067_0042.jpg 1 8 12 67 42
0200_0019_0029_0056_0035.jpg 1 19 29 56 35
0201_0009_0027_0056_0035.jpg 1 9 27 56 35
0202_0007_0036_0052_0032.jpg 1 7 36 52 32
0203_0016_0046_0066_0041.jpg 1 16 46 66 41
0204_0034_0027_0055_0034.jpg 1 34 27 55 34
0205_0018_0045_0065_0041.jpg 1 18 45 65 41
0206_0031_0023_0051_0032.jpg 1 31 23 51 32
0207_0018_0027_0064_0040.jpg 1 18 27 64 40
0208_0023_0026_0067_0042.jpg 1 23 26 67 42
0209_0019_0055_0057_0035.jpg 1 19 55 57 35
0210_0005_0032_0055_0034.jpg 1 5 32 55 34
0211_0021_0055_0057_0035.jpg 1 21 55 57 35
0212_0021_0020_0055_0034.jpg 1 21 20 55 34
0213_0025_0011_0050_0031.jpg 1 25 11 50 31
0214_0030_0024_0064_0040.jpg 1 30 24 64 40
0215_0010_0026_0062_0039.jpg 1 10 26 62 39
0216_0031_0018_0053_0033.jpg 1 31 18 53 33
0217_0036_0043_0050_0031.jpg 1 36 43 50 31
0218_0026_0027_0062_0039.jpg 1 26 27 62 39
0219_0021_0021_0068_0042.jpg 1 21 21 68 42
0220_0014_0006_0052_0033.jpg 1 14 6 52 33
0221_0029_0018_0061_0038.jpg 1 29 18 61 38
0222_0032_0041_0062_0039.jpg 1 32 41 62 39
0223_0015_0009_0048_0030.jpg 1 15 9 48 30
0224_0014_0045_0054_0034.jpg 1 14 45 54 34
0225_0010_0027_0067_0041.jpg 1 10 27 67 41
0226_0005_0026_0051_0032.jpg 1 5 26 51 32
0227_0020_0022_0059_0037.jpg 1 20 22 59 37
0228_0025_0040_0062_0039.jpg 1 25 40 62 39
0229_0026_0032_0055_0034.jpg 1 26 32 55 34
0230_0004_0040_0068_0042.jpg 1 4 40 68 42
0231_0013_0015_0053_0033.jpg 1 13 15 53 33
0232_0026_0015_0064_0040.jpg 1 26 15 64 40
0233_0028_0057_0048_0030.jpg 1 28 57 48 30
0234_0024_0050_0052_0032.jpg 1 24 50 52 32
0235_0018_0049_0054_0034.jpg 1 18 49 54 34
0236_0032_0027_0061_0038.jpg 1 32 27 61 38
0237_0037_0026_0053_0033.jpg 1 37 26 53 33
0238_0014_0035_0057_0035.jpg 1 14 35 57 35
0239_0020_0036_0049_0030.jpg 1 20 36 49 30
0240_0026_0029_0066_0041.jpg 1 26 29 66 41
0241_0022_0036_0057_0036.jpg 1 22 36 57 36
0242_0006_0053_0063_0039.jpg 1 6 53 63 39
0243_0013_0025_0056_0035.jpg 1 13 25 56 35
0244_0004_0020_0065_0041.jpg 1 4 20 65 41
0245_0024_0015_0057_0036.jpg 1 24 15 57 36
0246_0012_0049_0066_0041.jpg 1 12 49 66 41
0247_0026_0028_0064_0040.jpg 1 26 28 64 40
0248_0013_0042_0066_0041.jpg 1 13 42 66 41
0249_0017_0025_0051_0032.jpg 1 17 25 51 32
0250_0005_0035_0053_0033.jpg 1 5 35 53 33
0251_0023_0009_0062_0038.jpg 1 23 9 62 38
0252_0015_0030_0068_0042.jpg 1 15 30 68 42
0253_0023_0017_0069_0043.jpg 1 23 17 69 43
0254_0008_0039_0059_0037.jpg 1 8 39 59 37
0255_0025_0053_0056_0035.jpg 1 25 53 56 35
0256_0027_0030_0063_0039.jpg 1 27 30 63 39
