0001_0028_0045_0052_0032.jpg 1 28 45 52 32
0002_0013_0048_0068_0042.jpg 1 13 48 68 42
0003_0007_0047_0062_0039.jpg 1 7 47 62 39
0004_0027_0043_0066_0041.jpg 1 27 43 66 41
0005_0011_0040_0066_0041.jpg 1 11 40 66 41
0006_0017_0043_0058_0036.jpg 1 17 43 58 36
0007_0040_0040_0052_0032.jpg 1 40 40 52 32
0008_0025_0046_0068_0042.jpg 1 25 46 68 42
0009_0010_0024_0059_0037.jpg 1 10 24 59 37
0010_0024_0028_0064_0040.jpg 1 24 28 64 40
0011_0027_0025_0052_0033.jpg 1 27 25 52 33
0012_0018_0014_0068_0043.jpg 1 18 14 68 43
0013_0037_0007_0052_0032.jpg 1 37 7 52 32
0014_0026_0016_0067_0042.jpg 1 26 16 67 42
0015_0011_0009_0063_0039.jpg 1 11 9 63 39
0016_0034_0015_0061_0038.jpg 1 34 15 61 38
0017_0003_0024_0066_0041.jpg 1 3 24 66 41
0018_0030_0011_0059_0037.jpg 1 30 11 59 37
0019_0025_0054_0056_0035.jpg 1 25 54 56 35
0020_0006_0019_0049_0031.jpg 1 6 19 49 31
0021_0030_0062_0048_0030.jpg 1 30 62 48 30
0022_0019_0009_0049_0030.jpg 1 19 9 49 30
0023_0035_0012_0055_0034.jpg 1 35 12 55 34
0024_0012_0033_0050_0031.jpg 1 12 33 50 31
0025_0013_0023_0064_0040.jpg 1 13 23 64 40
0026_0007_0009_0059_0036.jpg 1 7 9 59 36
0027_0004_0009_0060_0037.jpg 1 4 9 60 37
0028_0006_0020_0061_0038.jpg 1 6 20 61 38
0029_0006_0043_0063_0039.jpg 1 6 43 63 39
0030_0008_0033_0066_0041.jpg 1 8 33 66 41
0031_0021_0023_0064_0040.jpg 1 21 23 64 40
0032_0015_0012_0060_0037.jpg 1 15 12 60 37
0033_0011_0015_0064_0040.jpg 1 11 15 64 40
0034_0020_0018_0060_0037.jpg 1 20 18 60 37
0035_0017_0010_0064_0040.jpg 1 17 10 64 40
0036_0022_0030_0057_0036.jpg 1 22 30 57 36
0037_0023_0034_0062_0038.jpg 1 23 34 62 38
0038_0012_0047_0050_0031.jpg 1 12 47 50 31
0039_0015_0044_0059_0037.jpg 1 15 44 59 37
0040_0017_0039_0052_0032.jpg 1 17 39 52 32
0041_0037_0027_0057_0035.jpg 1 37 27 57 35
0042_0042_0015_0049_0030.jpg 1 42 15 49 30
0043_0006_0023_0064_0040.jpg 1 6 23 64 40
0044_0005_0034_0067_0042.jpg 1 5 34 67 42
0045_0019_0032_0058_0036.jpg 1 19 32 58 36
0046_0031_0052_0058_0036.jpg 1 31 52 58 36
0047_0012_0009_0063_0039.jpg 1 12 9 63 39
0048_0037_0026_0054_0034.jpg 1 37 26 54 34
0049_0034_0018_0052_0032.jpg 1 34 18 52 32
0050_0009_0047_0049_0031.jpg 1 9 47 49 31
0051_0029_0026_0051_0032.jpg 1 29 26 51 32
0052_0016_0049_0062_0039.jpg 1 16 49 62 39
0053_0020_0048_0066_0041.jpg 1 20 48 66 41
0054_0015_0053_0056_0035.jpg 1 15 53 56 35
0055_0026_0044_0066_0041.jpg 1 26 44 66 41
0056_0025_0044_0055_0034.jpg 1 25 44 55 34
0057_0024_0027_0065_0040.jpg 1 24 27 65 40
0058_0031_0030_0056_0035.jpg 1 31 30 56 35
0059_0007_0021_0054_0033.jpg 1 7 21 54 33
0060_0020_0010_0059_0036.jpg 1 20 10 59 36
0061_0013_0047_0055_0034.jpg 1 13 47 55 34
0062_0020_0025_0055_0034.jpg 1 20 25 55 34
0063_0029_0008_0066_0041.jpg 1 29 8 66 41
0064_0032_0045_0055_0034.jpg 1 32 45 55 34
0065_0038_0056_0051_0031.jpg 1 38 56 51 31
0066_0014_0014_0069_0043.jpg 1 14 14 69 43
0067_0004_0024_0068_0043.jpg 1 4 24 68 43
0068_0021_0013_0061_0038.jpg 1 21 13 61 38
0069_0032_0013_0058_0036.jpg 1 32 13 58 36
0070_0010_0044_0051_0032.jpg 1 10 44 51 32
0071_0020_0042_0057_0036.jpg 1 20 42 57 36
0072_0023_0038_0051_0032.jpg 1 23 38 51 32
0073_0027_0033_0065_0041.jpg 1 27 33 65 41
0074_0005_0048_0063_0039.jpg 1 5 48 63 39
0075_0007_0036_0054_0034.jpg 1 7 36 54 34
0076_0029_0048_0052_0032.jpg 1 29 48 52 32
0077_0022_0047_0065_0041.jpg 1 22 47 65 41
0078_0031_0048_0057_0036.jpg 1 31 48 57 36
0079_0015_0011_0050_0031.jpg 1 15 11 50 31
0080_0032_0020_0049_0030.jpg 1 32 20 49 30
0081_0037_0049_0051_0032.jpg 1 37 49 51 32
0082_0044_0049_0048_0030.jpg 1 44 49 48 30
0083_0025_0032_0055_0034.jpg 1 25 32 55 34
0084_0031_0027_0062_0038.jpg 1 31 27 62 38
0085_0030_0041_0061_0038.jpg 1 30 41 61 38
0086_0036_0022_0056_0035.jpg 1 36 22 56 35
0087_0037_0027_0058_0036.jpg 1 37 27 58 36
0088_0004_0041_0067_0042.jpg 1 4 41 67 42
0089_0018_0053_0048_0030.jpg 1 18 53 48 30
0090_0034_0049_0062_0039.jpg 1 34 49 62 39
0091_0043_0058_0048_0030.jpg 1 43 58 48 30
0092_0007_0055_0055_0034.jpg 1 7 55 55 34
0093_0036_0035_0050_0031.jpg 1 36 35 50 31
0094_0013_0030_0067_0042.jpg 1 13 30 67 42
0095_0015_0036_0049_0031.jpg 1 15 36 49 31
0096_0023_0008_0061_0038.jpg 1 23 8 61 38
0097_0007_0018_0067_0041.jpg 1 7 18 67 41
0098_0027_0006_0061_0038.jpg 1 27 6 61 38
0099_0020_0024_0056_0035.jpg 1 20 24 56 35
0100_0027_0029_0061_0038.jpg 1 27 29 61 38
0101_0041_0035_0051_0031.jpg 1 41 35 51 31
0102_0008_0011_0060_0037.jpg 1 8 11 60 37
0103_0024_0023_0066_0041.jpg 1 24 23 66 41
0104_0007_0012_0055_0034.jpg 1 7 12 55 34
0105_0018_0027_0061_0038.jpg 1 18 27 61 38
0106_0020_0015_0061_0038.jpg 1 20 15 61 38
0107_0015_0058_0053_0033.jpg 1 15 58 53 33
0108_0012_0011_0065_0041.jpg 1 12 11 65 41
0109_0031_0026_0052_0032.jpg 1 31 26 52 32
0110_0010_0035_0068_0042.jpg 1 10 35 68 42
0111_0024_0048_0051_0032.jpg 1 24 48 51 32
0112_0009_0033_0060_0037.jpg 1 9 33 60 37
0113_0020_0009_0064_0040.jpg 1 20 9 64 40
0114_0022_0040_0052_0032.jpg 1 22 40 52 32
0115_0007_0016_0055_0034.jpg 1 7 16 55 34
0116_0013_0016_0053_0033.jpg 1 13 16 53 33
0117_0010_0012_0057_0035.jpg 1 10 12 57 35
0118_0009_0011_0053_0033.jpg 1 9 11 53 33
0119_0015_0019_0061_0038.jpg 1 15 19 61 38
0120_0013_0012_0059_0037.jpg 1 13 12 59 37
0121_0013_0039_0049_0030.jpg 1 13 39 49 30
0122_0014_0048_0061_0038.jpg 1 14 48 61 38
0123_0008_0007_0064_0040.jpg 1 8 7 64 40
0124_0008_0028_0060_0037.jpg 1 8 28 60 37
0125_0007_0021_0064_0040.jpg 1 7 21 64 40
0126_0024_0029_0054_0033.jpg 1 24 29 54 33
0127_0035_0047_0056_0035.jpg 1 35 47 56 35
0128_0005_0021_0065_0040.jpg 1 5 21 65 40
