0001_0023_0043_0050_0031.jpg 1 23 43 50 31
0002_0019_0044_0065_0040.jpg 1 19 44 65 40
0003_0004_0008_0061_0038.jpg 1 4 8 61 38
0004_0012_0029_0068_0042.jpg 1 12 29 68 42
0005_0034_0040_0056_0035.jpg 1 34 40 56 35
0006_0038_0030_0056_0035.jpg 1 38 30 56 35
0007_0014_0040_0052_0032.jpg 1 14 40 52 32
0008_0008_0015_0057_0036.jpg 1 8 15 57 36
0009_0011_0033_0054_0034.jpg 1 11 33 54 34
0010_0023_0032_0064_0040.jpg 1 23 32 64 40
0011_0035_0007_0052_0033.jpg 1 35 7 52 33
0012_0026_0021_0069_0043.jpg 1 26 21 69 43
0013_0007_0014_0063_0039.jpg 1 7 14 63 39
0014_0018_0022_0067_0042.jpg 1 18 22 67 42
0015_0019_0006_0069_0043.jpg 1 19 6 69 43
0016_0032_0018_0063_0039.jpg 1 32 18 63 39
0017_0031_0021_0059_0037.jpg 1 31 21 59 37
0018_0026_0043_0065_0040.jpg 1 26 43 65 40
0019_0017_0039_0064_0040.jpg 1 17 39 64 40
0020_0035_0044_0051_0032.jpg 1 35 44 51 32
0021_0034_0028_0054_0033.jpg 1 34 28 54 33
0022_0025_0026_0048_0030.jpg 1 25 26 48 30
0023_0014_0009_0065_0040.jpg 1 14 9 65 40
0024_0032_0008_0063_0039.jpg 1 32 8 63 39
0025_0034_0036_0054_0034.jpg 1 34 36 54 34
0026_0006_0044_0060_0038.jpg 1 6 44 60 38
0027_0012_0056_0053_0033.jpg 1 12 56 53 33
0028_0008_0019_0048_0030.jpg 1 8 19 48 30
0029_0005_0009_0069_0043.jpg 1 5 9 69 43
0030_0029_0035_0050_0031.jpg 1 29 35 50 31
0031_0016_0047_0051_0032.jpg 1 16 47 51 32
0032_0029_0062_0049_0030.jpg 1 29 62 49 30
0033_0016_0047_0069_0043.jpg 1 16 47 69 43
0034_0018_0045_0058_0036.jpg 1 18 45 58 36
0035_0031_0034_0057_0035.jpg 1 31 34 57 35
0036_0009_0013_0063_0039.jpg 1 9 13 63 39
0037_0037_0024_0054_0034.jpg 1 37 24 54 34
0038_0025_0036_0052_0032.jpg 1 25 36 52 32
0039_0016_0033_0069_0043.jpg 1 16 33 69 43
0040_0015_0039_0063_0039.jpg 1 15 39 63 39
0041_0005_0011_0064_0040.jpg 1 5 11 64 40
0042_0034_0051_0050_0031.jpg 1 34 51 50 31
0043_0016_0006_0065_0040.jpg 1 16 6 65 40
0044_0041_0014_0051_0032.jpg 1 41 14 51 32
0045_0036_0045_0049_0030.jpg 1 36 45 49 30
0046_0025_0015_0058_0036.jpg 1 25 15 58 36
0047_0005_0021_0053_0033.jpg 1 5 21 53 33
0048_0022_0015_0053_0033.jpg 1 22 15 53 33
0049_0015_0008_0064_0040.jpg 1 15 8 64 40
0050_0005_0010_0068_0042.jpg 1 5 10 68 42
0051_0035_0025_0055_0034.jpg 1 35 25 55 34
0052_0013_0052_0064_0040.jpg 1 13 52 64 40
0053_0014_0019_0051_0032.jpg 1 14 19 51 32
0054_0032_0026_0057_0035.jpg 1 32 26 57 35
0055_0017_0034_0062_0038.jpg 1 17 34 62 38
0056_0010_0036_0053_0033.jpg 1 10 36 53 33
0057_0028_0040_0059_0036.jpg 1 28 40 59 36
0058_0016_0021_0050_0031.jpg 1 16 21 50 31
0059_0026_0050_0055_0034.jpg 1 26 50 55 34
0060_0026_0018_0049_0030.jpg 1 26 18 49 30
0061_0023_0041_0055_0034.jpg 1 23 41 55 34
0062_0031_0052_0064_0040.jpg 1 31 52 64 40
0063_0006_0028_0057_0035.jpg 1 6 28 57 35
0064_0021_0022_0054_0034.jpg 1 21 22 54 34
0065_0024_0013_0064_0040.jpg 1 24 13 64 40
0066_0010_0039_0067_0041.jpg 1 10 39 67 41
0067_0010_0015_0057_0035.jpg 1 10 15 57 35
0068_0027_0011_0064_0040.jpg 1 27 11 64 40
0069_0016_0046_0066_0041.jpg 1 16 46 66 41
0070_0016_0036_0069_0043.jpg 1 16 36 69 43
0071_0008_0035_0056_0035.jpg 1 8 35 56 35
0072_0013_0008_0051_0032.jpg 1 13 8 51 32
0073_0028_0014_0063_0039.jpg 1 28 14 63 39
0074_0028_0013_0067_0042.jpg 1 28 13 67 42
0075_0003_0030_0069_0043.jpg 1 3 30 69 43
0076_0031_0033_0057_0035.jpg 1 31 33 57 35
0077_0007_0052_0055_0034.jpg 1 7 52 55 34
0078_0021_0022_0067_0042.jpg 1 21 22 67 42
0079_0004_0023_0065_0040.jpg 1 4 23 65 40
0080_0011_0055_0053_0033.jpg 1 11 55 53 33
0081_0010_0041_0048_0030.jpg 1 10 41 48 30
0082_0018_0024_0052_0032.jpg 1 18 24 52 32
0083_0016_0053_0060_0037.jpg 1 16 53 60 37
0084_0037_0044_0052_0032.jpg 1 37 44 52 32
0085_0022_0050_0066_0041.jpg 1 22 50 66 41
0086_0031_0035_0062_0039.jpg 1 31 35 62 39
0087_0022_0035_0051_0031.jpg 1 22 35 51 31
0088_0010_0054_0053_0033.jpg 1 10 54 53 33
0089_0019_0050_0063_0039.jpg 1 19 50 63 39
0090_0021_0006_0061_0038.jpg 1 21 6 61 38
0091_0030_0017_0063_0039.jpg 1 30 17 63 39
0092_0004_0018_0054_0034.jpg 1 4 18 54 34
0093_0012_0047_0068_0042.jpg 1 12 47 68 42
0094_0017_0039_0054_0033.jpg 1 17 39 54 33
0095_0020_0023_0061_0038.jpg 1 20 23 61 38
0096_0043_0020_0050_0031.jpg 1 43 20 50 31
0097_0009_0035_0069_0043.jpg 1 9 35 69 43
0098_0011_0027_0068_0042.jpg 1 11 27 68 42
0099_0015_0037_0058_0036.jpg 1 15 37 58 36
0100_0032_0036_0064_0040.jpg 1 32 36 64 40
0101_0030_0031_0052_0032.jpg 1 30 31 52 32
0102_0013_0054_0051_0032.jpg 1 13 54 51 32
0103_0042_0017_0048_0030.jpg 1 42 17 48 30
0104_0032_0021_0063_0039.jpg 1 32 21 63 39
0105_0031_0008_0052_0032.jpg 1 31 8 52 32
0106_0020_0039_0050_0031.jpg 1 20 39 50 31
0107_0035_0025_0060_0037.jpg 1 35 25 60 37
0108_0012_0030_0055_0034.jpg 1 12 30 55 34
0109_0029_0054_0049_0030.jpg 1 29 54 49 30
0110_0028_0051_0059_0037.jpg 1 28 51 59 37
0111_0008_0052_0055_0034.jpg 1 8 52 55 34
0112_0011_0048_0067_0042.jpg 1 11 48 67 42
0113_0029_0029_0062_0039.jpg 1 29 29 62 39
0114_0031_0040_0048_0030.jpg 1 31 40 48 30
0115_0016_0012_0069_0043.jpg 1 16 12 69 43
0116_0027_0011_0067_0042.jpg 1 27 11 67 42
0117_0010_0034_0068_0042.jpg 1 10 34 68 42
0118_0012_0031_0064_0040.jpg 1 12 31 64 40
0119_0016_0012_0068_0042.jpg 1 16 12 68 42
0120_0022_0051_0055_0034.jpg 1 22 51 55 34
0121_0030_0016_0065_0041.jpg 1 30 16 65 41
0122_0012_0060_0051_0032.jpg 1 12 60 51 32
0123_0021_0047_0069_0043.jpg 1 21 47 69 43
0124_0011_0023_0067_0042.jpg 1 11 23 67 42
0125_0014_0032_0063_0039.jpg 1 14 32 63 39
0126_0031_0024_0064_0040.jpg 1 31 24 64 40
0127_0019_0022_0054_0033.jpg 1 19 22 54 33
0128_0015_0041_0062_0039.jpg 1 15 41 62 39
