0001_0012_0053_0056_0035.jpg 1 12 53 56 35
0002_0015_0054_0050_0031.jpg 1 15 54 50 31
0003_0014_0027_0057_0036.jpg 1 14 27 57 36
0004_0017_0030_0063_0039.jpg 1 17 30 63 39
0005_0018_0014_0059_0037.jpg 1 18 14 59 37
0006_0016_0054_0061_0038.jpg 1 16 54 61 38
0007_0029_0036_0060_0037.jpg 1 29 36 60 37
0008_0043_0038_0048_0030.jpg 1 43 38 48 30
0009_0009_0028_0065_0041.jpg 1 9 28 65 41
0010_0021_0057_0049_0030.jpg 1 21 57 49 30
0011_0024_0044_0057_0035.jpg 1 24 44 57 35
0012_0017_0028_0057_0036.jpg 1 17 28 57 36
0013_0028_0038_0054_0034.jpg 1 28 38 54 34
0014_0028_0028_0067_0042.jpg 1 28 28 67 42
0015_0013_0010_0062_0039.jpg 1 13 10 62 39
0016_0025_0053_0058_0036.jpg 1 25 53 58 36
0017_0011_0049_0055_0034.jpg 1 11 49 55 34
0018_0007_0033_0048_0030.jpg 1 7 33 48 30
0019_0004_0052_0059_0036.jpg 1 4 52 59 36
0020_0011_0045_0062_0039.jpg 1 11 45 62 39
0021_0014_0016_0063_0039.jpg 1 14 16 63 39
0022_0031_0026_0057_0036.jpg 1 31 26 57 36
0023_0032_0032_0051_0032.jpg 1 32 32 51 32
0024_0018_0037_0065_0040.jpg 1 18 37 65 40
0025_0026_0011_0069_0043.jpg 1 26 11 69 43
0026_0033_0014_0051_0032.jpg 1 33 14 51 32
0027_0031_0034_0063_0039.jpg 1 31 34 63 39
0028_0017_0014_0053_0033.jpg 1 17 14 53 33
0029_0027_0033_0061_0038.jpg 1 27 33 61 38
0030_0020_0050_0058_0036.jpg 1 20 50 58 36
0031_0041_0035_0051_0032.jpg 1 41 35 51 32
0032_0026_0011_0055_0034.jpg 1 26 11 55 34
0033_0016_0030_0059_0037.jpg 1 16 30 59 37
0034_0029_0009_0057_0035.jpg 1 29 9 57 35
0035_0021_0030_0052_0032.jpg 1 21 30 52 32
0036_0022_0049_0049_0031.jpg 1 22 49 49 31
0037_0034_0025_0056_0035.jpg 1 34 25 56 35
0038_0007_0007_0064_0040.jpg 1 7 7 64 40
0039_0013_0024_0058_0036.jpg 1 13 24 58 36
0040_0032_0036_0061_0038.jpg 1 32 36 61 38
0041_0042_0023_0050_0031.jpg 1 42 23 50 31
0042_0010_0047_0066_0041.jpg 1 10 47 66 41
0043_0012_0011_0064_0040.jpg 1 12 11 64 40
0044_0023_0015_0066_0041.jpg 1 23 15 66 41
0045_0022_0042_0066_0041.jpg 1 22 42 66 41
0046_0032_0050_0062_0039.jpg 1 32 50 62 39
0047_0030_0014_0058_0036.jpg 1 30 14 58 36
0048_0007_0024_0060_0037.jpg 1 7 24 60 37
0049_0004_0030_0065_0041.jpg 1 4 30 65 41
0050_0010_0022_0058_0036.jpg 1 10 22 58 36
0051_0012_0034_0048_0030.jpg 1 12 34 48 30
0052_0014_0029_0063_0039.jpg 1 14 29 63 39
0053_0028_0048_0058_0036.jpg 1 28 48 58 36
0054_0018_0008_0068_0042.jpg 1 18 8 68 42
0055_0007_0020_0048_0030.jpg 1 7 20 48 30
0056_0022_0014_0051_0032.jpg 1 22 14 51 32
0057_0027_0009_0048_0030.jpg 1 27 9 48 30
0058_0011_0057_0048_0030.jpg 1 11 57 48 30
0059_0018_0031_0051_0032.jpg 1 18 31 51 32
0060_0033_0051_0060_0037.jpg 1 33 51 60 37
0061_0024_0034_0068_0042.jpg 1 24 34 68 42
0062_0032_0040_0063_0039.jpg 1 32 40 63 39
0063_0016_0060_0050_0031.jpg 1 16 60 50 31
0064_0007_0052_0051_0032.jpg 1 7 52 51 32
0065_0010_0027_0066_0041.jpg 1 10 27 66 41
0066_0032_0051_0061_0038.jpg 1 32 51 61 38
0067_0018_0025_0052_0032.jpg 1 18 25 52 32
0068_0033_0046_0057_0035.jpg 1 33 46 57 35
0069_0008_0055_0058_0036.jpg 1 8 55 58 36
0070_0014_0018_0069_0043.jpg 1 14 18 69 43
0071_0009_0018_0061_0038.jpg 1 9 18 61 38
0072_0008_0015_0066_0041.jpg 1 8 15 66 41
0073_0032_0018_0048_0030.jpg 1 32 18 48 30
0074_0022_0020_0064_0040.jpg 1 22 20 64 40
0075_0013_0018_0051_0032.jpg 1 13 18 51 32
0076_0042_0027_0049_0031.jpg 1 42 27 49 31
0077_0019_0058_0055_0034.jpg 1 19 58 55 34
0078_0006_0009_0057_0036.jpg 1 6 9 57 36
0079_0016_0042_0067_0041.jpg 1 16 42 67 41
0080_0019_0009_0052_0033.jpg 1 19 9 52 33
0081_0006_0030_0051_0032.jpg 1 6 30 51 32
0082_0042_0034_0052_0033.jpg 1 42 34 52 33
0083_0029_0035_0058_0036.jpg 1 29 35 58 36
0084_0016_0052_0066_0041.jpg 1 16 52 66 41
0085_0023_0047_0053_0033.jpg 1 23 47 53 33
0086_0024_0006_0053_0033.jpg 1 24 6 53 33
0087_0005_0007_0061_0038.jpg 1 5 7 61 38
0088_0043_0041_0051_0032.jpg 1 43 41 51 32
0089_0007_0052_0066_0041.jpg 1 7 52 66 41
0090_0029_0009_0055_0034.jpg 1 29 9 55 34
0091_0028_0014_0056_0035.jpg 1 28 14 56 35
0092_0015_0037_0065_0040.jpg 1 15 37 65 40
0093_0038_0056_0056_0035.jpg 1 38 56 56 35
0094_0035_0020_0057_0035.jpg 1 35 20 57 35
0095_0015_0011_0056_0035.jpg 1 15 11 56 35
0096_0036_0044_0052_0032.jpg 1 36 44 52 32
0097_0020_0024_0051_0031.jpg 1 20 24 51 31
0098_0024_0014_0054_0033.jpg 1 24 14 54 33
0099_0019_0027_0069_0043.jpg 1 19 27 69 43
0100_0027_0051_0058_0036.jpg 1 27 51 58 36
0101_0018_0026_0060_0037.jpg 1 18 26 60 37
0102_0037_0041_0048_0030.jpg 1 37 41 48 30
0103_0012_0057_0058_0036.jpg 1 12 57 58 36
0104_0027_0011_0052_0032.jpg 1 27 11 52 32
0105_0020_0051_0058_0036.jpg 1 20 51 58 36
0106_0004_0029_0060_0037.jpg 1 4 29 60 37
0107_0004_0034_0069_0043.jpg 1 4 34 69 43
0108_0015_0021_0051_0032.jpg 1 15 21 51 32
0109_0006_0008_0053_0033.jpg 1 6 8 53 33
0110_0032_0047_0050_0031.jpg 1 32 47 50 31
0111_0005_0033_0053_0033.jpg 1 5 33 53 33
0112_0010_0032_0050_0031.jpg 1 10 32 50 31
0113_0014_0009_0049_0030.jpg 1 14 9 49 30
0114_0031_0052_0055_0034.jpg 1 31 52 55 34
0115_0019_0032_0066_0041.jpg 1 19 32 66 41
0116_0030_0032_0065_0040.jpg 1 30 32 65 40
0117_0004_0027_0068_0043.jpg 1 4 27 68 43
0118_0024_0050_0055_0034.jpg 1 24 50 55 34
0119_0024_0044_0063_0039.jpg 1 24 44 63 39
0120_0046_0054_0048_0030.jpg 1 46 54 48 30
0121_0038_0020_0049_0031.jpg 1 38 20 49 31
0122_0019_0036_0063_0039.jpg 1 19 36 63 39
0123_0017_0022_0067_0042.jpg 1 17 22 67 42
0124_0031_0006_0061_0038.jpg 1 31 6 61 38
0125_0029_0051_0063_0039.jpg 1 29 51 63 39
0126_0015_0016_0050_0031.jpg 1 15 16 50 31
0127_0020_0014_0060_0038.jpg 1 20 14 60 38
0128_0022_0013_0067_0041.jpg 1 22 13 67 41
0129_0037_0032_0049_0030.jpg 1 37 32 49 30
0130_0026_0014_0067_0041.jpg 1 26 14 67 41
0131_0026_0006_0069_0043.jpg 1 26 6 69 43
0132_0025_0045_0054_0033.jpg 1 25 45 54 33
0133_0024_0044_0059_0037.jpg 1 24 44 59 37
0134_0016_0054_0060_0037.jpg 1 16 54 60 37
0135_0018_0058_0052_0032.jpg 1 18 58 52 32
0136_0013_0020_0062_0038.jpg 1 13 20 62 38
0137_0021_0040_0051_0031.jpg 1 21 40 51 31
0138_0037_0031_0058_0036.jpg 1 37 31 58 36
0139_0007_0055_0056_0035.jpg 1 7 55 56 35
0140_0020_0054_0062_0038.jpg 1 20 54 62 38
0141_0021_0012_0065_0041.jpg 1 21 12 65 41
0142_0037_0044_0055_0034.jpg 1 37 44 55 34
0143_0018_0051_0053_0033.jpg 1 18 51 53 33
0144_0023_0027_0067_0042.jpg 1 23 27 67 42
0145_0019_0039_0066_0041.jpg 1 19 39 66 41
0146_0031_0013_0065_0040.jpg 1 31 13 65 40
0147_0007_0009_0049_0030.jpg 1 7 9 49 30
0148_0030_0060_0051_0031.jpg 1 30 60 51 31
0149_0026_0052_0051_0032.jpg 1 26 52 51 32
0150_0010_0037_0063_0039.jpg 1 10 37 63 39
0151_0029_0018_0058_0036.jpg 1 29 18 58 36
0152_0022_0028_0052_0033.jpg 1 22 28 52 33
0153_0014_0020_0069_0043.jpg 1 14 20 69 43
0154_0019_0033_0068_0042.jpg 1 19 33 68 42
0155_0039_0048_0053_0033.jpg 1 39 48 53 33
0156_0010_0014_0069_0043.jpg 1 10 14 69 43
0157_0011_0027_0069_0043.jpg 1 11 27 69 43
0158_0018_0008_0066_0041.jpg 1 18 8 66 41
0159_0006_0029_0061_0038.jpg 1 6 29 61 38
0160_0024_0038_0060_0037.jpg 1 24 38 60 37
0161_0004_0044_0067_0042.jpg 1 4 44 67 42
0162_0027_0018_0059_0036.jpg 1 27 18 59 36
0163_0023_0021_0056_0035.jpg 1 23 21 56 35
0164_0020_0052_0058_0036.jpg 1 20 52 58 36
0165_0010_0029_0056_0035.jpg 1 10 29 56 35
0166_0012_0047_0069_0043.jpg 1 12 47 69 43
0167_0008_0016_0068_0042.jpg 1 8 16 68 42
0168_0026_0025_0062_0039.jpg 1 26 25 62 39
0169_0017_0040_0057_0035.jpg 1 17 40 57 35
0170_0012_0039_0069_0043.jpg 1 12 39 69 43
0171_0031_0007_0065_0040.jpg 1 31 7 65 40
0172_0044_0056_0049_0030.jpg 1 44 56 49 30
0173_0006_0025_0066_0041.jpg 1 6 25 66 41
0174_0029_0045_0057_0035.jpg 1 29 45 57 35
0175_0023_0016_0053_0033.jpg 1 23 16 53 33
0176_0016_0024_0060_0038.jpg 1 16 24 60 38
0177_0025_0036_0059_0036.jpg 1 25 36 59 36
0178_0028_0017_0053_0033.jpg 1 28 17 53 33
0179_0028_0053_0051_0032.jpg 1 28 53 51 32
0180_0032_0013_0061_0038.jpg 1 32 13 61 38
0181_0011_0052_0064_0040.jpg 1 11 52 64 40
0182_0034_0041_0053_0033.jpg 1 34 41 53 33
0183_0028_0040_0061_0038.jpg 1 28 40 61 38
0184_0046_0021_0048_0030.jpg 1 46 21 48 30
0185_0025_0030_0067_0042.jpg 1 25 30 67 42
0186_0042_0035_0051_0032.jpg 1 42 35 51 32
0187_0008_0048_0064_0040.jpg 1 8 48 64 40
0188_0027_0034_0063_0039.jpg 1 27 34 63 39
0189_0013_0007_0068_0042.jpg 1 13 7 68 42
0190_0035_0026_0055_0034.jpg 1 35 26 55 34
0191_0010_0018_0054_0034.jpg 1 10 18 54 34
0192_0011_0050_0052_0032.jpg 1 11 50 52 32
0193_0030_0032_0063_0039.jpg 1 30 32 63 39
0194_0014_0037_0051_0032.jpg 1 14 37 51 32
0195_0014_0038_0048_0030.jpg 1 14 38 48 30
0196_0013_0034_0048_0030.jpg 1 13 34 48 30
0197_0005_0022_0050_0031.jpg 1 5 22 50 31
0198_0007_0045_0066_0041.jpg 1 7 45 66 41
0199_0015_0019_0066_0041.jpg 1 15 19 66 41
0200_0030_0008_0052_0032.jpg 1 30 8 52 32
0201_0007_0046_0068_0042.jpg 1 7 46 68 42
0202_0023_0058_0054_0034.jpg 1 23 58 54 34
0203_0018_0019_0067_0042.jpg 1 18 19 67 42
0204_0012_0055_0053_0033.jpg 1 12 55 53 33
0205_0032_0025_0061_0038.jpg 1 32 25 61 38
0206_0037_0026_0057_0035.jpg 1 37 26 57 35
0207_0024_0043_0069_0043.jpg 1 24 43 69 43
0208_0010_0022_0054_0034.jpg 1 10 22 54 34
0209_0027_0019_0066_0041.jpg 1 27 19 66 41
0210_0025_0059_0050_0031.jpg 1 25 59 50 31
0211_0025_0031_0048_0030.jpg 1 25 31 48 30
0212_0019_0007_0066_0041.jpg 1 19 7 66 41
0213_0020_0019_0053_0033.jpg 1 20 19 53 33
0214_0024_0026_0048_0030.jpg 1 24 26 48 30
0215_0029_0045_0058_0036.jpg 1 29 45 58 36
0216_0008_0036_0064_0040.jpg 1 8 36 64 40
0217_0008_0054_0057_0036.jpg 1 8 54 57 36
0218_0014_0009_0068_0042.jpg 1 14 9 68 42
0219_0022_0010_0066_0041.jpg 1 22 10 66 41
0220_0011_0016_0054_0034.jpg 1 11 16 54 34
0221_0019_0032_0064_0040.jpg 1 19 32 64 40
0222_0008_0005_0068_0043.jpg 1 8 5 68 43
0223_0034_0048_0054_0034.jpg 1 34 48 54 34
0224_0039_0027_0049_0031.jpg 1 39 27 49 31
0225_0030_0009_0052_0032.jpg 1 30 9 52 32
0226_0034_0014_0054_0034.jpg 1 34 14 54 34
0227_0016_0019_0057_0035.jpg 1 16 19 57 35
0228_0020_0028_0060_0037.jpg 1 20 28 60 37
0229_0007_0041_0056_0035.jpg 1 7 41 56 35
0230_0009_0048_0061_0038.jpg 1 9 48 61 38
0231_0021_0016_0063_0039.jpg 1 21 16 63 39
0232_0031_0046_0060_0037.jpg 1 31 46 60 37
0233_0007_0044_0069_0043.jpg 1 7 44 69 43
0234_0025_0052_0051_0031.jpg 1 25 52 51 31
0235_0029_0045_0057_0036.jpg 1 29 45 57 36
0236_0027_0046_0068_0042.jpg 1 27 46 68 42
0237_0032_0023_0051_0032.jpg 1 32 23 51 32
0238_0035_0009_0049_0030.jpg 1 35 9 49 30
0239_0007_0013_0049_0030.jpg 1 7 13 49 30
0240_0016_0016_0066_0041.jpg 1 16 16 66 41
0241_0008_0023_0050_0031.jpg 1 8 23 50 31
0242_0022_0021_0049_0030.jpg 1 22 21 49 30
0243_0027_0059_0049_0030.jpg 1 27 59 49 30
0244_0012_0023_0054_0034.jpg 1 12 23 54 34
0245_0014_0013_0069_0043.jpg 1 14 13 69 43
0246_0038_0026_0056_0035.jpg 1 38 26 56 35
0247_0005_0048_0064_0040.jpg 1 5 48 64 40
0248_0011_0040_0053_0033.jpg 1 11 40 53 33
0249_0035_0061_0050_0031.jpg 1 35 61 50 31
0250_0024_0048_0059_0037.jpg 1 24 48 59 37
0251_0022_0031_0051_0032.jpg 1 22 31 51 32
0252_0019_0015_0067_0041.jpg 1 19 15 67 41
0253_0012_0029_0059_0037.jpg 1 12 29 59 37
0254_0022_0035_0063_0039.jpg 1 22 35 63 39
0255_0028_0012_0053_0033.jpg 1 28 12 53 33
0256_0027_0009_0060_0037.jpg 1 27 9 60 37
