0001_0034_0058_0049_0031.jpg 1 34 58 49 31
0002_0035_0014_0054_0033.jpg 1 35 14 54 33
0003_0030_0019_0048_0030.jpg 1 30 19 48 30
0004_0006_0050_0064_0040.jpg 1 6 50 64 40
0005_0013_0045_0064_0040.jpg 1 13 45 64 40
0006_0040_0042_0054_0034.jpg 1 40 42 54 34
0007_0022_0019_0066_0041.jpg 1 22 19 66 41
0008_0011_0017_0061_0038.jpg 1 11 17 61 38
0009_0015_0036_0064_0040.jpg 1 15 36 64 40
0010_0028_0051_0059_0037.jpg 1 28 51 59 37
0011_0025_0024_0064_0040.jpg 1 25 24 64 40
0012_0021_0015_0064_0040.jpg 1 21 15 64 40
0013_0028_0024_0054_0033.jpg 1 28 24 54 33
0014_0010_0010_0054_0033.jpg 1 10 10 54 33
0015_0007_0017_0063_0039.jpg 1 7 17 63 39
0016_0032_0014_0058_0036.jpg 1 32 14 58 36
0017_0027_0011_0053_0033.jpg 1 27 11 53 33
0018_0007_0048_0053_0033.jpg 1 7 48 53 33
0019_0017_0051_0054_0033.jpg 1 17 51 54 33
0020_0005_0056_0048_0030.jpg 1 5 56 48 30
0021_0021_0055_0058_0036.jpg 1 21 55 58 36
0022_0012_0045_0065_0041.jpg 1 12 45 65 41
0023_0009_0051_0058_0036.jpg 1 9 51 58 36
0024_0018_0037_0058_0036.jpg 1 18 37 58 36
0025_0027_0049_0060_0038.jpg 1 27 49 60 38
0026_0021_0017_0059_0036.jpg 1 21 17 59 36
0027_0018_0027_0062_0039.jpg 1 18 27 62 39
0028_0029_0058_0048_0030.jpg 1 29 58 48 30
0029_0021_0042_0058_0036.jpg 1 21 42 58 36
0030_0027_0011_0053_0033.jpg 1 27 11 53 33
0031_0019_0006_0058_0036.jpg 1 19 6 58 36
0032_0013_0052_0055_0034.jpg 1 13 52 55 34
0033_0011_0051_0055_0034.jpg 1 11 51 55 34
0034_0028_0019_0062_0038.jpg 1 28 19 62 38
0035_0014_0023_0059_0037.jpg 1 14 23 59 37
0036_0028_0045_0067_0042.jpg 1 28 45 67 42
0037_0019_0033_0055_0034.jpg 1 19 33 55 34
0038_0041_0017_0051_0032.jpg 1 41 17 51 32
0039_0026_0048_0051_0032.jpg 1 26 48 51 32
0040_0024_0036_0058_0036.jpg 1 24 36 58 36
0041_0021_0022_0060_0037.jpg 1 21 22 60 37
0042_0030_0045_0064_0040.jpg 1 30 45 64 40
0043_0024_0045_0069_0043.jpg 1 24 45 69 43
0044_0018_0015_0049_0030.jpg 1 18 15 49 30
0045_0011_0024_0064_0040.jpg 1 11 24 64 40
0046_0021_0058_0050_0031.jpg 1 21 58 50 31
0047_0015_0023_0054_0034.jpg 1 15 23 54 34
0048_0012_0048_0048_0030.jpg 1 12 48 48 30
0049_0009_0025_0056_0035.jpg 1 9 25 56 35
0050_0023_0016_0057_0036.jpg 1 23 16 57 36
0051_0021_0045_0055_0034.jpg 1 21 45 55 34
0052_0024_0006_0063_0039.jpg 1 24 6 63 39
0053_0008_0040_0050_0031.jpg 1 8 40 50 31
0054_0016_0043_0061_0038.jpg 1 16 43 61 38
0055_0016_0024_0063_0039.jpg 1 16 24 63 39
0056_0004_0019_0067_0042.jpg 1 4 19 67 42
0057_0024_0015_0065_0041.jpg 1 24 15 65 41
0058_0025_0008_0056_0035.jpg 1 25 8 56 35
0059_0008_0025_0062_0039.jpg 1 8 25 62 39
0060_0018_0046_0068_0043.jpg 1 18 46 68 43
0061_0019_0043_0049_0031.jpg 1 19 43 49 31
0062_0016_0052_0064_0040.jpg 1 16 52 64 40
0063_0027_0042_0065_0040.jpg 1 27 42 65 40
0064_0008_0061_0050_0031.jpg 1 8 61 50 31
0065_0022_0046_0065_0040.jpg 1 22 46 65 40
0066_0032_0038_0049_0030.jpg 1 32 38 49 30
0067_0023_0027_0066_0041.jpg 1 23 27 66 41
0068_0012_0022_0067_0042.jpg 1 12 22 67 42
0069_0005_0032_0049_0031.jpg 1 5 32 49 31
0070_0020_0045_0051_0032.jpg 1 20 45 51 32
0071_0034_0029_0051_0032.jpg 1 34 29 51 32
0072_0008_0025_0068_0042.jpg 1 8 25 68 42
0073_0013_0012_0048_0030.jpg 1 13 12 48 30
0074_0010_0011_0049_0030.jpg 1 10 11 49 30
0075_0021_0015_0061_0038.jpg 1 21 15 61 38
0076_0021_0046_0048_0030.jpg 1 21 46 48 30
0077_0013_0045_0069_0043.jpg 1 13 45 69 43
0078_0026_0035_0055_0034.jpg 1 26 35 55 34
0079_0013_0023_0049_0030.jpg 1 13 23 49 30
0080_0041_0024_0051_0032.jpg 1 41 24 51 32
0081_0019_0051_0061_0038.jpg 1 19 51 61 38
0082_0019_0033_0066_0041.jpg 1 19 33 66 41
0083_0007_0036_0059_0037.jpg 1 7 36 59 37
0084_0030_0023_0064_0040.jpg 1 30 23 64 40
0085_0006_0030_0057_0036.jpg 1 6 30 57 36
0086_0032_0007_0053_0033.jpg 1 32 7 53 33
0087_0005_0048_0066_0041.jpg 1 5 48 66 41
0088_0014_0034_0053_0033.jpg 1 14 34 53 33
0089_0037_0036_0049_0030.jpg 1 37 36 49 30
0090_0027_0025_0051_0032.jpg 1 27 25 51 32
0091_0008_0038_0066_0041.jpg 1 8 38 66 41
0092_0030_0046_0053_0033.jpg 1 30 46 53 33
0093_0031_0051_0056_0035.jpg 1 31 51 56 35
0094_0004_0025_0068_0042.jpg 1 4 25 68 42
0095_0007_0033_0064_0040.jpg 1 7 33 64 40
0096_0029_0010_0048_0030.jpg 1 29 10 48 30
0097_0030_0034_0049_0030.jpg 1 30 34 49 30
0098_0016_0030_0053_0033.jpg 1 16 30 53 33
0099_0020_0017_0056_0035.jpg 1 20 17 56 35
0100_0006_0018_0069_0043.jpg 1 6 18 69 43
0101_0041_0014_0050_0031.jpg 1 41 14 50 31
0102_0015_0047_0054_0034.jpg 1 15 47 54 34
0103_0006_0040_0051_0032.jpg 1 6 40 51 32
0104_0030_0010_0049_0030.jpg 1 30 10 49 30
0105_0010_0025_0069_0043.jpg 1 10 25 69 43
0106_0011_0020_0067_0042.jpg 1 11 20 67 42
0107_0004_0014_0064_0040.jpg 1 4 14 64 40
0108_0006_0015_0068_0043.jpg 1 6 15 68 43
0109_0013_0054_0057_0036.jpg 1 13 54 57 36
0110_0025_0048_0053_0033.jpg 1 25 48 53 33
0111_0012_0024_0062_0039.jpg 1 12 24 62 39
0112_0005_0051_0052_0032.jpg 1 5 51 52 32
0113_0013_0031_0061_0038.jpg 1 13 31 61 38
0114_0003_0034_0067_0042.jpg 1 3 34 67 42
0115_0019_0009_0069_0043.jpg 1 19 9 69 43
0116_0004_0034_0059_0037.jpg 1 4 34 59 37
0117_0013_0013_0069_0043.jpg 1 13 13 69 43
0118_0043_0055_0048_0030.jpg 1 43 55 48 30
0119_0012_0008_0056_0035.jpg 1 12 8 56 35
0120_0039_0052_0052_0032.jpg 1 39 52 52 32
0121_0025_0012_0069_0043.jpg 1 25 12 69 43
0122_0010_0043_0066_0041.jpg 1 10 43 66 41
0123_0007_0022_0069_0043.jpg 1 7 22 69 43
0124_0027_0015_0066_0041.jpg 1 27 15 66 41
0125_0012_0059_0053_0033.jpg 1 12 59 53 33
0126_0028_0053_0063_0039.jpg 1 28 53 63 39
0127_0009_0017_0057_0036.jpg 1 9 17 57 36
0128_0020_0012_0063_0039.jpg 1 20 12 63 39
