0001_0025_0008_0051_0032.jpg 1 25 8 51 32
0002_0037_0046_0051_0032.jpg 1 37 46 51 32
0003_0032_0038_0061_0038.jpg 1 32 38 61 38
0004_0015_0031_0059_0037.jpg 1 15 31 59 37
0005_0026_0018_0060_0038.jpg 1 26 18 60 38
0006_0008_0029_0059_0037.jpg 1 8 29 59 37
0007_0012_0038_0069_0043.jpg 1 12 38 69 43
0008_0016_0016_0062_0038.jpg 1 16 16 62 38
0009_0029_0008_0055_0034.jpg 1 29 8 55 34
0010_0024_0031_0053_0033.jpg 1 24 31 53 33
0011_0020_0048_0066_0041.jpg 1 20 48 66 41
0012_0024_0045_0063_0039.jpg 1 24 45 63 39
0013_0008_0007_0066_0041.jpg 1 8 7 66 41
0014_0028_0010_0067_0042.jpg 1 28 10 67 42
0015_0029_0016_0061_0038.jpg 1 29 16 61 38
0016_0012_0017_0059_0037.jpg 1 12 17 59 37
0017_0005_0008_0053_0033.jpg 1 5 8 53 33
0018_0017_0029_0061_0038.jpg 1 17 29 61 38
0019_0025_0044_0056_0035.jpg 1 25 44 56 35
0020_0006_0035_0048_0030.jpg 1 6 35 48 30
0021_0009_0047_0067_0042.jpg 1 9 47 67 42
0022_0036_0042_0058_0036.jpg 1 36 42 58 36
0023_0008_0047_0064_0040.jpg 1 8 47 64 40
0024_0024_0049_0054_0034.jpg 1 24 49 54 34
0025_0014_0024_0062_0039.jpg 1 14 24 62 39
0026_0041_0014_0052_0032.jpg 1 41 14 52 32
0027_0032_0041_0051_0032.jpg 1 32 41 51 32
0028_0009_0016_0066_0041.jpg 1 9 16 66 41
0029_0010_0007_0048_0030.jpg 1 10 7 48 30
0030_0028_0017_0059_0036.jpg 1 28 17 59 36
0031_0006_0030_0052_0032.jpg 1 6 30 52 32
0032_0027_0043_0068_0043.jpg 1 27 43 68 43
0033_0021_0037_0053_0033.jpg 1 21 37 53 33
0034_0021_0045_0050_0031.jpg 1 21 45 50 31
0035_0036_0032_0059_0037.jpg 1 36 32 59 37
0036_0009_0033_0064_0040.jpg 1 9 33 64 40
0037_0032_0037_0062_0039.jpg 1 32 37 62 39
0038_0014_0022_0069_0043.jpg 1 14 22 69 43
0039_0012_0024_0067_0042.jpg 1 12 24 67 42
0040_0015_0034_0067_0042.jpg 1 15 34 67 42
0041_0028_0038_0050_0031.jpg 1 28 38 50 31
0042_0015_0041_0060_0037.jpg 1 15 41 60 37
0043_0021_0046_0049_0031.jpg 1 21 46 49 31
0044_0004_0048_0069_0043.jpg 1 4 48 69 43
0045_0009_0012_0063_0039.jpg 1 9 12 63 39
0046_0044_0061_0050_0031.jpg 1 44 61 50 31
0047_0009_0034_0067_0042.jpg 1 9 34 67 42
0048_0024_0017_0064_0040.jpg 1 24 17 64 40
0049_0004_0023_0069_0043.jpg 1 4 23 69 43
0050_0022_0029_0054_0034.jpg 1 22 29 54 34
0051_0010_0044_0069_0043.jpg 1 10 44 69 43
0052_0021_0010_0067_0042.jpg 1 21 10 67 42
0053_0017_0032_0055_0034.jpg 1 17 32 55 34
0054_0008_0044_0051_0032.jpg 1 8 44 51 32
0055_0018_0025_0068_0042.jpg 1 18 25 68 42
0056_0009_0051_0056_0035.jpg 1 9 51 56 35
0057_0017_0046_0054_0034.jpg 1 17 46 54 34
0058_0037_0062_0048_0030.jpg 1 37 62 48 30
0059_0034_0014_0054_0033.jpg 1 34 14 54 33
0060_0031_0024_0058_0036.jpg 1 31 24 58 36
0061_0025_0058_0052_0032.jpg 1 25 58 52 32
0062_0014_0032_0067_0042.jpg 1 14 32 67 42
0063_0013_0011_0062_0038.jpg 1 13 11 62 38
0064_0004_0039_0059_0037.jpg 1 4 39 59 37
0065_0023_0020_0051_0032.jpg 1 23 20 51 32
0066_0019_0032_0068_0042.jpg 1 19 32 68 42
0067_0027_0050_0052_0032.jpg 1 27 50 52 32
0068_0017_0030_0056_0035.jpg 1 17 30 56 35
0069_0007_0049_0066_0041.jpg 1 7 49 66 41
0070_0030_0013_0048_0030.jpg 1 30 13 48 30
0071_0029_0019_0050_0031.jpg 1 29 19 50 31
0072_0017_0046_0060_0037.jpg 1 17 46 60 37
0073_0036_0032_0058_0036.jpg 1 36 32 58 36
0074_0024_0033_0056_0035.jpg 1 24 33 56 35
0075_0012_0011_0061_0038.jpg 1 12 11 61 38
0076_0017_0059_0050_0031.jpg 1 17 59 50 31
0077_0018_0025_0056_0035.jpg 1 18 25 56 35
0078_0039_0036_0051_0032.jpg 1 39 36 51 32
0079_0008_0048_0057_0035.jpg 1 8 48 57 35
0080_0031_0030_0049_0030.jpg 1 31 30 49 30
0081_0032_0019_0050_0031.jpg 1 32 19 50 31
0082_0026_0023_0069_0043.jpg 1 26 23 69 43
0083_0016_0023_0052_0032.jpg 1 16 23 52 32
0084_0030_0058_0054_0034.jpg 1 30 58 54 34
0085_0026_0059_0050_0031.jpg 1 26 59 50 31
0086_0028_0017_0068_0042.jpg 1 28 17 68 42
0087_0024_0027_0063_0039.jpg 1 24 27 63 39
0088_0032_0016_0061_0038.jpg 1 32 16 61 38
0089_0030_0055_0050_0031.jpg 1 30 55 50 31
0090_0006_0021_0049_0031.jpg 1 6 21 49 31
0091_0039_0049_0049_0030.jpg 1 39 49 49 30
0092_0008_0017_0059_0037.jpg 1 8 17 59 37
0093_0018_0013_0064_0040.jpg 1 18 13 64 40
0094_0014_0046_0067_0041.jpg 1 14 46 67 41
0095_0010_0036_0057_0035.jpg 1 10 36 57 35
0096_0016_0047_0051_0031.jpg 1 16 47 51 31
0097_0023_0024_0067_0042.jpg 1 23 24 67 42
0098_0025_0050_0061_0038.jpg 1 25 50 61 38
0099_0013_0033_0051_0032.jpg 1 13 33 51 32
0100_0023_0037_0056_0035.jpg 1 23 37 56 35
0101_0028_0031_0068_0042.jpg 1 28 31 68 42
0102_0031_0020_0058_0036.jpg 1 31 20 58 36
0103_0034_0047_0058_0036.jpg 1 34 47 58 36
0104_0004_0024_0064_0040.jpg 1 4 24 64 40
0105_0024_0041_0051_0031.jpg 1 24 41 51 31
0106_0016_0051_0049_0030.jpg 1 16 51 49 30
0107_0010_0021_0068_0042.jpg 1 10 21 68 42
0108_0030_0018_0059_0037.jpg 1 30 18 59 37
0109_0007_0043_0069_0043.jpg 1 7 43 69 43
0110_0043_0021_0050_0031.jpg 1 43 21 50 31
0111_0027_0036_0063_0039.jpg 1 27 36 63 39
0112_0028_0020_0066_0041.jpg 1 28 20 66 41
0113_0016_0013_0058_0036.jpg 1 16 13 58 36
0114_0011_0024_0058_0036.jpg 1 11 24 58 36
0115_0029_0007_0052_0032.jpg 1 29 7 52 32
0116_0006_0019_0065_0040.jpg 1 6 19 65 40
0117_0023_0008_0049_0031.jpg 1 23 8 49 31
0118_0007_0017_0057_0035.jpg 1 7 17 57 35
0119_0037_0036_0051_0032.jpg 1 37 36 51 32
0120_0031_0008_0052_0032.jpg 1 31 8 52 32
0121_0011_0033_0054_0033.jpg 1 11 33 54 33
0122_0008_0019_0054_0033.jpg 1 8 19 54 33
0123_0018_0016_0054_0033.jpg 1 18 16 54 33
0124_0040_0032_0050_0031.jpg 1 40 32 50 31
0125_0014_0021_0061_0038.jpg 1 14 21 61 38
0126_0007_0033_0062_0039.jpg 1 7 33 62 39
0127_0021_0060_0052_0032.jpg 1 21 60 52 32
0128_0036_0051_0058_0036.jpg 1 36 51 58 36
0129_0020_0023_0061_0038.jpg 1 20 23 61 38
0130_0030_0022_0054_0033.jpg 1 30 22 54 33
0131_0021_0014_0066_0041.jpg 1 21 14 66 41
0132_0019_0040_0066_0041.jpg 1 19 40 66 41
0133_0026_0016_0057_0035.jpg 1 26 16 57 35
0134_0005_0047_0061_0038.jpg 1 5 47 61 38
0135_0034_0041_0056_0035.jpg 1 34 41 56 35
0136_0011_0038_0051_0032.jpg 1 11 38 51 32
0137_0011_0011_0058_0036.jpg 1 11 11 58 36
0138_0019_0024_0051_0032.jpg 1 19 24 51 32
0139_0043_0010_0050_0031.jpg 1 43 10 50 31
0140_0005_0034_0051_0032.jpg 1 5 34 51 32
0141_0027_0046_0064_0040.jpg 1 27 46 64 40
0142_0005_0014_0069_0043.jpg 1 5 14 69 43
0143_0021_0047_0056_0035.jpg 1 21 47 56 35
0144_0013_0006_0057_0036.jpg 1 13 6 57 36
0145_0024_0043_0065_0040.jpg 1 24 43 65 40
0146_0017_0014_0061_0038.jpg 1 17 14 61 38
0147_0008_0043_0054_0034.jpg 1 8 43 54 34
0148_0022_0027_0048_0030.jpg 1 22 27 48 30
0149_0010_0027_0062_0038.jpg 1 10 27 62 38
0150_0009_0023_0068_0042.jpg 1 9 23 68 42
0151_0012_0014_0054_0033.jpg 1 12 14 54 33
0152_0020_0035_0058_0036.jpg 1 20 35 58 36
0153_0011_0013_0067_0042.jpg 1 11 13 67 42
0154_0016_0023_0068_0042.jpg 1 16 23 68 42
0155_0024_0038_0061_0038.jpg 1 24 38 61 38
0156_0010_0016_0068_0042.jpg 1 10 16 68 42
0157_0022_0032_0054_0034.jpg 1 22 32 54 34
0158_0016_0029_0056_0035.jpg 1 16 29 56 35
0159_0022_0022_0057_0035.jpg 1 22 22 57 35
0160_0026_0015_0069_0043.jpg 1 26 15 69 43
0161_0029_0039_0060_0038.jpg 1 29 39 60 38
0162_0024_0054_0056_0035.jpg 1 24 54 56 35
0163_0006_0029_0064_0040.jpg 1 6 29 64 40
0164_0030_0055_0050_0031.jpg 1 30 55 50 31
0165_0045_0011_0049_0030.jpg 1 45 11 49 30
0166_0004_0049_0063_0039.jpg 1 4 49 63 39
0167_0008_0049_0067_0042.jpg 1 8 49 67 42
0168_0026_0052_0054_0033.jpg 1 26 52 54 33
0169_0039_0047_0055_0034.jpg 1 39 47 55 34
0170_0010_0051_0054_0033.jpg 1 10 51 54 33
0171_0016_0012_0068_0042.jpg 1 16 12 68 42
0172_0016_0019_0058_0036.jpg 1 16 19 58 36
0173_0027_0023_0062_0039.jpg 1 27 23 62 39
0174_0027_0009_0055_0034.jpg 1 27 9 55 34
0175_0032_0046_0061_0038.jpg 1 32 46 61 38
0176_0006_0010_0067_0042.jpg 1 6 10 67 42
0177_0006_0044_0050_0031.jpg 1 6 44 50 31
0178_0005_0024_0061_0038.jpg 1 5 24 61 38
0179_0006_0007_0051_0032.jpg 1 6 7 51 32
0180_0016_0014_0066_0041.jpg 1 16 14 66 41
0181_0021_0009_0053_0033.jpg 1 21 9 53 33
0182_0034_0014_0053_0033.jpg 1 34 14 53 33
0183_0014_0012_0050_0031.jpg 1 14 12 50 31
0184_0012_0040_0057_0035.jpg 1 12 40 57 35
0185_0022_0016_0068_0042.jpg 1 22 16 68 42
0186_0009_0012_0067_0042.jpg 1 9 12 67 42
0187_0014_0026_0069_0043.jpg 1 14 26 69 43
0188_0014_0041_0055_0034.jpg 1 14 41 55 34
0189_0020_0013_0064_0040.jpg 1 20 13 64 40
0190_0046_0012_0048_0030.jpg 1 46 12 48 30
0191_0022_0050_0061_0038.jpg 1 22 50 61 38
0192_0010_0039_0067_0041.jpg 1 10 39 67 41
0193_0013_0012_0058_0036.jpg 1 13 12 58 36
0194_0017_0053_0064_0040.jpg 1 17 53 64 40
0195_0007_0010_0065_0040.jpg 1 7 10 65 40
0196_0020_0025_0053_0033.jpg 1 20 25 53 33
0197_0013_0032_0057_0035.jpg 1 13 32 57 35
0198_0017_0029_0055_0034.jpg 1 17 29 55 34
0199_0005_0015_0060_0037.jpg 1 5 15 60 37
0200_0026_0033_0054_0033.jpg 1 26 33 54 33
0201_0016_0017_0054_0033.jpg 1 16 17 54 33
0202_0015_0010_0053_0033.jpg 1 15 10 53 33
0203_0032_0007_0055_0034.jpg 1 32 7 55 34
0204_0024_0008_0062_0039.jpg 1 24 8 62 39
0205_0018_0014_0062_0039.jpg 1 18 14 62 39
0206_0013_0050_0066_0041.jpg 1 13 50 66 41
0207_0019_0058_0048_0030.jpg 1 19 58 48 30
0208_0026_0047_0066_0041.jpg 1 26 47 66 41
0209_0004_0051_0068_0042.jpg 1 4 51 68 42
0210_0027_0009_0056_0035.jpg 1 27 9 56 35
0211_0027_0015_0069_0043.jpg 1 27 15 69 43
0212_0013_0053_0061_0038.jpg 1 13 53 61 38
0213_0016_0009_0057_0035.jpg 1 16 9 57 35
0214_0026_0045_0069_0043.jpg 1 26 45 69 43
0215_0018_0011_0061_0038.jpg 1 18 11 61 38
0216_0016_0036_0067_0041.jpg 1 16 36 67 41
0217_0033_0016_0052_0032.jpg 1 33 16 52 32
0218_0005_0006_0063_0039.jpg 1 5 6 63 39
0219_0027_0019_0051_0032.jpg 1 27 19 51 32
0220_0041_0011_0053_0033.jpg 1 41 11 53 33
0221_0030_0006_0053_0033.jpg 1 30 6 53 33
0222_0023_0013_0069_0043.jpg 1 23 13 69 43
0223_0028_0039_0054_0033.jpg 1 28 39 54 33
0224_0033_0053_0061_0038.jpg 1 33 53 61 38
0225_0019_0042_0053_0033.jpg 1 19 42 53 33
0226_0010_0014_0066_0041.jpg 1 10 14 66 41
0227_0009_0029_0067_0041.jpg 1 9 29 67 41
0228_0007_0023_0063_0039.jpg 1 7 23 63 39
0229_0009_0008_0068_0042.jpg 1 9 8 68 42
0230_0003_0007_0067_0042.jpg 1 3 7 67 42
0231_0019_0046_0051_0032.jpg 1 19 46 51 32
0232_0022_0028_0049_0031.jpg 1 22 28 49 31
0233_0029_0054_0050_0031.jpg 1 29 54 50 31
0234_0027_0024_0050_0031.jpg 1 27 24 50 31
0235_0005_0015_0055_0034.jpg 1 5 15 55 34
0236_0036_0043_0048_0030.jpg 1 36 43 48 30
0237_0008_0020_0067_0042.jpg 1 8 20 67 42
0238_0026_0035_0062_0039.jpg 1 26 35 62 39
0239_0010_0030_0068_0043.jpg 1 10 30 68 43
0240_0012_0020_0060_0038.jpg 1 12 20 60 38
0241_0011_0035_0049_0030.jpg 1 11 35 49 30
0242_0015_0022_0067_0042.jpg 1 15 22 67 42
0243_0029_0020_0053_0033.jpg 1 29 20 53 33
0244_0004_0024_0069_0043.jpg 1 4 24 69 43
0245_0014_0027_0064_0040.jpg 1 14 27 64 40
0246_0026_0047_0058_0036.jpg 1 26 47 58 36
0247_0020_0026_0058_0036.jpg 1 20 26 58 36
0248_0010_0019_0053_0033.jpg 1 10 19 53 33
0249_0027_0040_0066_0041.jpg 1 27 40 66 41
0250_0034_0047_0057_0036.jpg 1 34 47 57 36
0251_0041_0039_0053_0033.jpg 1 41 39 53 33
0252_0019_0040_0050_0031.jpg 1 19 40 50 31
0253_0005_0026_0058_0036.jpg 1 5 26 58 36
0254_0015_0030_0049_0031.jpg 1 15 30 49 31
0255_0042_0053_0051_0032.jpg 1 42 53 51 32
0256_0029_0040_0054_0034.jpg 1 29 40 54 34
