0001_0015_0008_0064_0040.jpg 1 15 8 64 40
0002_0005_0035_0049_0030.jpg 1 5 35 49 30
0003_0010_0048_0052_0033.jpg 1 10 48 52 33
0004_0036_0016_0053_0033.jpg 1 36 16 53 33
0005_0005_0021_0069_0043.jpg 1 5 21 69 43
0006_0003_0015_0068_0042.jpg 1 3 15 68 42
0007_0015_0012_0062_0038.jpg 1 15 12 62 38
0008_0031_0043_0053_0033.jpg 1 31 43 53 33
0009_0034_0026_0061_0038.jpg 1 34 26 61 38
0010_0026_0052_0055_0034.jpg 1 26 52 55 34
0011_0028_0023_0052_0032.jpg 1 28 23 52 32
0012_0021_0024_0064_0040.jpg 1 21 24 64 40
0013_0034_0030_0055_0034.jpg 1 34 30 55 34
0014_0030_0010_0066_0041.jpg 1 30 10 66 41
0015_0028_0033_0051_0032.jpg 1 28 33 51 32
0016_0032_0034_0049_0031.jpg 1 32 34 49 31
0017_0022_0032_0063_0039.jpg 1 22 32 63 39
0018_0018_0055_0058_0036.jpg 1 18 55 58 36
0019_0020_0025_0065_0040.jpg 1 20 25 65 40
0020_0007_0027_0055_0034.jpg 1 7 27 55 34
0021_0029_0046_0058_0036.jpg 1 29 46 58 36
0022_0025_0021_0063_0039.jpg 1 25 21 63 39
0023_0025_0054_0052_0032.jpg 1 25 54 52 32
0024_0012_0050_0067_0042.jpg 1 12 50 67 42
0025_0029_0059_0054_0033.jpg 1 29 59 54 33
0026_0031_0050_0054_0033.jpg 1 31 50 54 33
0027_0011_0023_0069_0043.jpg 1 11 23 69 43
0028_0012_0038_0065_0041.jpg 1 12 38 65 41
0029_0033_0012_0059_0037.jpg 1 33 12 59 37
0030_0005_0040_0056_0035.jpg 1 5 40 56 35
0031_0014_0014_0057_0035.jpg 1 14 14 57 35
0032_0030_0032_0061_0038.jpg 1 30 32 61 38
0033_0044_0060_0050_0031.jpg 1 44 60 50 31
0034_0017_0038_0051_0032.jpg 1 17 38 51 32
0035_0004_0043_0059_0037.jpg 1 4 43 59 37
0036_0030_0052_0051_0032.jpg 1 30 52 51 32
0037_0004_0019_0059_0036.jpg 1 4 19 59 36
0038_0023_0019_0067_0042.jpg 1 23 19 67 42
0039_0024_0021_0057_0036.jpg 1 24 21 57 36
0040_0026_0051_0058_0036.jpg 1 26 51 58 36
0041_0007_0021_0058_0036.jpg 1 7 21 58 36
0042_0014_0030_0052_0032.jpg 1 14 30 52 32
0043_0024_0015_0067_0041.jpg 1 24 15 67 41
0044_0017_0029_0057_0035.jpg 1 17 29 57 35
0045_0024_0056_0055_0034.jpg 1 24 56 55 34
0046_0014_0027_0056_0035.jpg 1 14 27 56 35
0047_0020_0020_0069_0043.jpg 1 20 20 69 43
0048_0007_0043_0057_0036.jpg 1 7 43 57 36
0049_0031_0016_0053_0033.jpg 1 31 16 53 33
0050_0031_0042_0058_0036.jpg 1 31 42 58 36
0051_0019_0029_0063_0039.jpg 1 19 29 63 39
0052_0021_0038_0049_0030.jpg 1 21 38 49 30
0053_0025_0008_0063_0039.jpg 1 25 8 63 39
0054_0026_0049_0056_0035.jpg 1 26 49 56 35
0055_0018_0026_0048_0030.jpg 1 18 26 48 30
0056_0023_0044_0055_0034.jpg 1 23 44 55 34
0057_0016_0014_0054_0034.jpg 1 16 14 54 34
0058_0018_0025_0062_0038.jpg 1 18 25 62 38
0059_0005_0047_0067_0042.jpg 1 5 47 67 42
0060_0027_0021_0068_0042.jpg 1 27 21 68 42
0061_0027_0051_0069_0043.jpg 1 27 51 69 43
0062_0014_0017_0069_0043.jpg 1 14 17 69 43
0063_0013_0047_0068_0042.jpg 1 13 47 68 42
0064_0021_0031_0067_0041.jpg 1 21 31 67 41
0065_0003_0041_0069_0043.jpg 1 3 41 69 43
0066_0008_0050_0057_0036.jpg 1 8 50 57 36
0067_0025_0017_0067_0042.jpg 1 25 17 67 42
0068_0029_0007_0060_0037.jpg 1 29 7 60 37
0069_0026_0012_0054_0033.jpg 1 26 12 54 33
0070_0010_0012_0049_0030.jpg 1 10 12 49 30
0071_0036_0032_0054_0034.jpg 1 36 32 54 34
0072_0005_0026_0049_0030.jpg 1 5 26 49 30
0073_0007_0024_0063_0039.jpg 1 7 24 63 39
0074_0010_0029_0065_0040.jpg 1 10 29 65 40
0075_0006_0040_0053_0033.jpg 1 6 40 53 33
0076_0030_0034_0048_0030.jpg 1 30 34 48 30
0077_0013_0049_0060_0038.jpg 1 13 49 60 38
0078_0013_0038_0062_0039.jpg 1 13 38 62 39
0079_0013_0032_0066_0041.jpg 1 13 32 66 41
0080_0019_0032_0052_0032.jpg 1 19 32 52 32
0081_0010_0032_0064_0040.jpg 1 10 32 64 40
0082_0008_0045_0059_0037.jpg 1 8 45 59 37
0083_0010_0027_0067_0042.jpg 1 10 27 67 42
0084_0003_0050_0068_0042.jpg 1 3 50 68 42
0085_0021_0030_0066_0041.jpg 1 21 30 66 41
0086_0017_0016_0051_0032.jpg 1 17 16 51 32
0087_0031_0053_0049_0030.jpg 1 31 53 49 30
0088_0011_0010_0051_0032.jpg 1 11 10 51 32
0089_0008_0008_0050_0031.jpg 1 8 8 50 31
0090_0025_0010_0066_0041.jpg 1 25 10 66 41
0091_0013_0038_0055_0034.jpg 1 13 38 55 34
0092_0035_0009_0058_0036.jpg 1 35 9 58 36
0093_0035_0056_0049_0030.jpg 1 35 56 49 30
0094_0008_0060_0050_0031.jpg 1 8 60 50 31
0095_0026_0030_0049_0030.jpg 1 26 30 49 30
0096_0030_0029_0062_0038.jpg 1 30 29 62 38
0097_0027_0020_0064_0040.jpg 1 27 20 64 40
0098_0005_0007_0067_0042.jpg 1 5 7 67 42
0099_0012_0045_0068_0043.jpg 1 12 45 68 43
0100_0018_0052_0052_0032.jpg 1 18 52 52 32
0101_0027_0055_0052_0032.jpg 1 27 55 52 32
0102_0037_0013_0056_0035.jpg 1 37 13 56 35
0103_0013_0014_0053_0033.jpg 1 13 14 53 33
0104_0003_0020_0068_0042.jpg 1 3 20 68 42
0105_0036_0025_0051_0031.jpg 1 36 25 51 31
0106_0019_0040_0064_0040.jpg 1 19 40 64 40
0107_0006_0018_0066_0041.jpg 1 6 18 66 41
0108_0020_0017_0067_0042.jpg 1 20 17 67 42
0109_0008_0007_0063_0039.jpg 1 8 7 63 39
0110_0035_0022_0055_0034.jpg 1 35 22 55 34
0111_0016_0043_0051_0032.jpg 1 16 43 51 32
0112_0010_0033_0050_0031.jpg 1 10 33 50 31
0113_0028_0033_0068_0042.jpg 1 28 33 68 42
0114_0018_0033_0048_0030.jpg 1 18 33 48 30
0115_0009_0042_0059_0036.jpg 1 9 42 59 36
0116_0026_0020_0065_0041.jpg 1 26 20 65 41
0117_0025_0008_0068_0043.jpg 1 25 8 68 43
0118_0008_0042_0059_0037.jpg 1 8 42 59 37
0119_0018_0028_0063_0039.jpg 1 18 28 63 39
0120_0026_0024_0057_0036.jpg 1 26 24 57 36
0121_0014_0047_0055_0034.jpg 1 14 47 55 34
0122_0014_0019_0054_0034.jpg 1 14 19 54 34
0123_0005_0052_0053_0033.jpg 1 5 52 53 33
0124_0008_0023_0065_0040.jpg 1 8 23 65 40
0125_0012_0037_0060_0038.jpg 1 12 37 60 38
0126_0019_0043_0063_0039.jpg 1 19 43 63 39
0127_0036_0012_0057_0035.jpg 1 36 12 57 35
0128_0011_0030_0048_0030.jpg 1 11 30 48 30
