0001_0038_0044_0049_0031.jpg 1 38 44 49 31
0002_0027_0058_0054_0033.jpg 1 27 58 54 33
0003_0017_0006_0053_0033.jpg 1 17 6 53 33
0004_0006_0040_0061_0038.jpg 1 6 40 61 38
0005_0012_0034_0064_0040.jpg 1 12 34 64 40
0006_0031_0012_0058_0036.jpg 1 31 12 58 36
0007_0030_0047_0063_0039.jpg 1 30 47 63 39
0008_0012_0030_0060_0038.jpg 1 12 30 60 38
0009_0020_0038_0054_0034.jpg 1 20 38 54 34
0010_0030_0045_0055_0034.jpg 1 30 45 55 34
0011_0018_0012_0065_0041.jpg 1 18 12 65 41
0012_0013_0046_0067_0042.jpg 1 13 46 67 42
0013_0025_0009_0059_0036.jpg 1 25 9 59 36
0014_0026_0031_0050_0031.jpg 1 26 31 50 31
0015_0032_0060_0053_0033.jpg 1 32 60 53 33
0016_0033_0020_0058_0036.jpg 1 33 20 58 36
0017_0007_0016_0049_0031.jpg 1 7 16 49 31
0018_0004_0045_0063_0039.jpg 1 4 45 63 39
0019_0034_0010_0048_0030.jpg 1 34 10 48 30
0020_0012_0036_0061_0038.jpg 1 12 36 61 38
0021_0021_0047_0068_0042.jpg 1 21 47 68 42
0022_0017_0022_0059_0036.jpg 1 17 22 59 36
0023_0034_0013_0049_0031.jpg 1 34 13 49 31
0024_0003_0008_0064_0040.jpg 1 3 8 64 40
0025_0030_0043_0065_0041.jpg 1 30 43 65 41
0026_0010_0059_0054_0033.jpg 1 10 59 54 33
0027_0044_0025_0049_0030.jpg 1 44 25 49 30
0028_0020_0051_0065_0040.jpg 1 20 51 65 40
0029_0034_0012_0054_0033.jpg 1 34 12 54 33
0030_0019_0019_0068_0042.jpg 1 19 19 68 42
0031_0021_0013_0065_0041.jpg 1 21 13 65 41
0032_0009_0020_0066_0041.jpg 1 9 20 66 41
0033_0023_0024_0063_0039.jpg 1 23 24 63 39
0034_0037_0021_0048_0030.jpg 1 37 21 48 30
0035_0024_0023_0065_0040.jpg 1 24 23 65 40
0036_0005_0024_0058_0036.jpg 1 5 24 58 36
0037_0026_0006_0059_0037.jpg 1 26 6 59 37
0038_0029_0048_0057_0035.jpg 1 29 48 57 35
0039_0011_0050_0062_0038.jpg 1 11 50 62 38
0040_0036_0052_0050_0031.jpg 1 36 52 50 31
0041_0013_0052_0068_0042.jpg 1 13 52 68 42
0042_0042_0040_0050_0031.jpg 1 42 40 50 31
0043_0042_0044_0050_0031.jpg 1 42 44 50 31
0044_0012_0025_0058_0036.jpg 1 12 25 58 36
0045_0030_0008_0066_0041.jpg 1 30 8 66 41
0046_0026_0012_0064_0040.jpg 1 26 12 64 40
0047_0007_0025_0063_0039.jpg 1 7 25 63 39
0048_0007_0054_0060_0037.jpg 1 7 54 60 37
0049_0026_0022_0056_0035.jpg 1 26 22 56 35
0050_0007_0027_0056_0035.jpg 1 7 27 56 35
0051_0006_0041_0051_0032.jpg 1 6 41 51 32
0052_0033_0027_0057_0035.jpg 1 33 27 57 35
0053_0006_0041_0067_0042.jpg 1 6 41 67 42
0054_0031_0055_0055_0034.jpg 1 31 55 55 34
0055_0027_0045_0063_0039.jpg 1 27 45 63 39
0056_0025_0035_0067_0042.jpg 1 25 35 67 42
0057_0019_0006_0065_0041.jpg 1 19 6 65 41
0058_0017_0031_0057_0036.jpg 1 17 31 57 36
0059_0029_0046_0052_0032.jpg 1 29 46 52 32
0060_0031_0044_0058_0036.jpg 1 31 44 58 36
0061_0025_0024_0065_0041.jpg 1 25 24 65 41
0062_0023_0012_0052_0032.jpg 1 23 12 52 32
0063_0006_0024_0049_0030.jpg 1 6 24 49 30
0064_0022_0027_0062_0038.jpg 1 22 27 62 38
0065_0028_0014_0052_0032.jpg 1 28 14 52 32
0066_0038_0023_0054_0034.jpg 1 38 23 54 34
0067_0029_0053_0049_0030.jpg 1 29 53 49 30
0068_0022_0044_0050_0031.jpg 1 22 44 50 31
0069_0007_0029_0063_0039.jpg 1 7 29 63 39
0070_0035_0024_0055_0034.jpg 1 35 24 55 34
0071_0031_0027_0061_0038.jpg 1 31 27 61 38
0072_0016_0050_0062_0039.jpg 1 16 50 62 39
0073_0006_0046_0054_0034.jpg 1 6 46 54 34
0074_0043_0027_0050_0031.jpg 1 43 27 50 31
0075_0006_0050_0064_0040.jpg 1 6 50 64 40
0076_0021_0013_0060_0037.jpg 1 21 13 60 37
0077_0010_0049_0056_0035.jpg 1 10 49 56 35
0078_0011_0050_0051_0032.jpg 1 11 50 51 32
0079_0040_0014_0048_0030.jpg 1 40 14 48 30
0080_0026_0030_0061_0038.jpg 1 26 30 61 38
0081_0011_0014_0061_0038.jpg 1 11 14 61 38
0082_0022_0047_0062_0039.jpg 1 22 47 62 39
0083_0005_0008_0065_0041.jpg 1 5 8 65 41
0084_0031_0019_0060_0038.jpg 1 31 19 60 38
0085_0021_0024_0062_0039.jpg 1 21 24 62 39
0086_0034_0030_0049_0031.jpg 1 34 30 49 31
0087_0035_0013_0054_0034.jpg 1 35 13 54 34
0088_0013_0049_0061_0038.jpg 1 13 49 61 38
0089_0015_0015_0053_0033.jpg 1 15 15 53 33
0090_0011_0024_0058_0036.jpg 1 11 24 58 36
0091_0007_0028_0061_0038.jpg 1 7 28 61 38
0092_0040_0006_0053_0033.jpg 1 40 6 53 33
0093_0023_0041_0056_0035.jpg 1 23 41 56 35
0094_0023_0014_0060_0037.jpg 1 23 14 60 37
0095_0014_0052_0059_0037.jpg 1 14 52 59 37
0096_0032_0008_0051_0032.jpg 1 32 8 51 32
0097_0014_0039_0063_0039.jpg 1 14 39 63 39
0098_0029_0011_0059_0037.jpg 1 29 11 59 37
0099_0038_0020_0057_0035.jpg 1 38 20 57 35
0100_0028_0050_0064_0040.jpg 1 28 50 64 40
0101_0012_0012_0067_0041.jpg 1 12 12 67 41
0102_0020_0042_0054_0034.jpg 1 20 42 54 34
0103_0040_0021_0048_0030.jpg 1 40 21 48 30
0104_0012_0031_0056_0035.jpg 1 12 31 56 35
0105_0021_0030_0060_0037.jpg 1 21 30 60 37
0106_0004_0047_0066_0041.jpg 1 4 47 66 41
0107_0009_0037_0069_0043.jpg 1 9 37 69 43
0108_0008_0045_0059_0037.jpg 1 8 45 59 37
0109_0023_0017_0067_0042.jpg 1 23 17 67 42
0110_0023_0026_0066_0041.jpg 1 23 26 66 41
0111_0006_0035_0064_0040.jpg 1 6 35 64 40
0112_0034_0024_0059_0036.jpg 1 34 24 59 36
0113_0032_0026_0061_0038.jpg 1 32 26 61 38
0114_0007_0031_0054_0034.jpg 1 7 31 54 34
0115_0025_0021_0065_0041.jpg 1 25 21 65 41
0116_0042_0016_0050_0031.jpg 1 42 16 50 31
0117_0024_0023_0054_0034.jpg 1 24 23 54 34
0118_0037_0058_0053_0033.jpg 1 37 58 53 33
0119_0019_0021_0069_0043.jpg 1 19 21 69 43
0120_0004_0055_0059_0037.jpg 1 4 55 59 37
0121_0008_0030_0056_0035.jpg 1 8 30 56 35
0122_0005_0038_0065_0040.jpg 1 5 38 65 40
0123_0008_0017_0053_0033.jpg 1 8 17 53 33
0124_0022_0025_0068_0042.jpg 1 22 25 68 42
0125_0008_0048_0068_0042.jpg 1 8 48 68 42
0126_0024_0021_0052_0032.jpg 1 24 21 52 32
0127_0004_0021_0067_0042.jpg 1 4 21 67 42
0128_0033_0050_0063_0039.jpg 1 33 50 63 39
