0001_0029_0053_0062_0038.jpg 1 29 53 62 38
0002_0013_0056_0058_0036.jpg 1 13 56 58 36
0003_0007_0043_0069_0043.jpg 1 7 43 69 43
0004_0006_0036_0065_0041.jpg 1 6 36 65 41
0005_0019_0052_0052_0032.jpg 1 19 52 52 32
0006_0008_0044_0063_0039.jpg 1 8 44 63 39
0007_0034_0013_0053_0033.jpg 1 34 13 53 33
0008_0010_0014_0049_0030.jpg 1 10 14 49 30
0009_0010_0025_0057_0035.jpg 1 10 25 57 35
0010_0015_0049_0052_0032.jpg 1 15 49 52 32
0011_0025_0022_0067_0042.jpg 1 25 22 67 42
0012_0012_0048_0054_0033.jpg 1 12 48 54 33
0013_0019_0035_0065_0040.jpg 1 19 35 65 40
0014_0010_0016_0066_0041.jpg 1 10 16 66 41
0015_0024_0036_0063_0039.jpg 1 24 36 63 39
0016_0015_0033_0055_0034.jpg 1 15 33 55 34
0017_0040_0032_0049_0030.jpg 1 40 32 49 30
0018_0036_0032_0051_0032.jpg 1 36 32 51 32
0019_0008_0022_0058_0036.jpg 1 8 22 58 36
0020_0014_0007_0049_0031.jpg 1 14 7 49 31
0021_0016_0020_0063_0039.jpg 1 16 20 63 39
0022_0022_0045_0048_0030.jpg 1 22 45 48 30
0023_0038_0049_0054_0033.jpg 1 38 49 54 33
0024_0024_0011_0064_0040.jpg 1 24 11 64 40
0025_0021_0006_0062_0039.jpg 1 21 6 62 39
0026_0033_0057_0050_0031.jpg 1 33 57 50 31
0027_0032_0050_0061_0038.jpg 1 32 50 61 38
0028_0016_0032_0057_0036.jpg 1 16 32 57 36
0029_0017_0018_0052_0032.jpg 1 17 18 52 32
0030_0030_0051_0048_0030.jpg 1 30 51 48 30
0031_0041_0012_0051_0032.jpg 1 41 12 51 32
0032_0034_0035_0052_0032.jpg 1 34 35 52 32
0033_0011_0027_0069_0043.jpg 1 11 27 69 43
0034_0009_0018_0055_0034.jpg 1 9 18 55 34
0035_0029_0040_0063_0039.jpg 1 29 40 63 39
0036_0012_0013_0061_0038.jpg 1 12 13 61 38
0037_0025_0052_0063_0039.jpg 1 25 52 63 39
0038_0010_0016_0052_0032.jpg 1 10 16 52 32
0039_0029_0051_0065_0040.jpg 1 29 51 65 40
0040_0008_0036_0068_0042.jpg 1 8 36 68 42
0041_0009_0035_0054_0034.jpg 1 9 35 54 34
0042_0032_0029_0063_0039.jpg 1 32 29 63 39
0043_0016_0016_0056_0035.jpg 1 16 16 56 35
0044_0035_0048_0049_0031.jpg 1 35 48 49 31
0045_0012_0049_0064_0040.jpg 1 12 49 64 40
0046_0028_0040_0060_0038.jpg 1 28 40 60 38
0047_0025_0025_0069_0043.jpg 1 25 25 69 43
0048_0018_0011_0057_0035.jpg 1 18 11 57 35
0049_0010_0029_0055_0034.jpg 1 10 29 55 34
0050_0004_0045_0063_0039.jpg 1 4 45 63 39
0051_0004_0028_0068_0042.jpg 1 4 28 68 42
0052_0007_0030_0052_0032.jpg 1 7 30 52 32
0053_0028_0047_0051_0032.jpg 1 28 47 51 32
0054_0023_0008_0056_0035.jpg 1 23 8 56 35
0055_0006_0009_0068_0043.jpg 1 6 9 68 43
0056_0005_0039_0069_0043.jpg 1 5 39 69 43
0057_0014_0021_0066_0041.jpg 1 14 21 66 41
0058_0010_0050_0051_0031.jpg 1 10 50 51 31
0059_0027_0032_0069_0043.jpg 1 27 32 69 43
0060_0004_0012_0067_0042.jpg 1 4 12 67 42
0061_0017_0006_0059_0037.jpg 1 17 6 59 37
0062_0008_0046_0060_0037.jpg 1 8 46 60 37
0063_0027_0042_0066_0041.jpg 1 27 42 66 41
0064_0020_0014_0065_0041.jpg 1 20 14 65 41
0065_0046_0036_0048_0030.jpg 1 46 36 48 30
0066_0017_0015_0050_0031.jpg 1 17 15 50 31
0067_0024_0027_0056_0035.jpg 1 24 27 56 35
0068_0008_0042_0060_0037.jpg 1 8 42 60 37
0069_0028_0032_0067_0041.jpg 1 28 32 67 41
0070_0030_0021_0057_0035.jpg 1 30 21 57 35
0071_0018_0057_0051_0032.jpg 1 18 57 51 32
0072_0019_0038_0055_0034.jpg 1 19 38 55 34
0073_0031_0050_0058_0036.jpg 1 31 50 58 36
0074_0006_0024_0064_0040.jpg 1 6 24 64 40
0075_0027_0013_0068_0042.jpg 1 27 13 68 42
0076_0028_0013_0049_0031.jpg 1 28 13 49 31
0077_0014_0037_0049_0030.jpg 1 14 37 49 30
0078_0027_0038_0059_0037.jpg 1 27 38 59 37
0079_0005_0037_0055_0034.jpg 1 5 37 55 34
0080_0005_0009_0069_0043.jpg 1 5 9 69 43
0081_0004_0042_0062_0039.jpg 1 4 42 62 39
0082_0016_0023_0062_0038.jpg 1 16 23 62 38
0083_0013_0014_0048_0030.jpg 1 13 14 48 30
0084_0022_0024_0057_0036.jpg 1 22 24 57 36
0085_0039_0023_0048_0030.jpg 1 39 23 48 30
0086_0009_0051_0063_0039.jpg 1 9 51 63 39
0087_0012_0033_0061_0038.jpg 1 12 33 61 38
0088_0014_0011_0062_0039.jpg 1 14 11 62 39
0089_0007_0027_0064_0040.jpg 1 7 27 64 40
0090_0006_0006_0067_0042.jpg 1 6 6 67 42
0091_0014_0019_0067_0041.jpg 1 14 19 67 41
0092_0012_0048_0061_0038.jpg 1 12 48 61 38
0093_0025_0021_0069_0043.jpg 1 25 21 69 43
0094_0041_0049_0048_0030.jpg 1 41 49 48 30
0095_0024_0060_0049_0031.jpg 1 24 60 49 31
0096_0022_0041_0069_0043.jpg 1 22 41 69 43
0097_0005_0053_0056_0035.jpg 1 5 53 56 35
0098_0015_0023_0059_0037.jpg 1 15 23 59 37
0099_0021_0014_0054_0034.jpg 1 21 14 54 34
0100_0030_0006_0053_0033.jpg 1 30 6 53 33
0101_0009_0008_0057_0035.jpg 1 9 8 57 35
0102_0017_0030_0062_0039.jpg 1 17 30 62 39
0103_0030_0031_0055_0034.jpg 1 30 31 55 34
0104_0009_0008_0055_0034.jpg 1 9 8 55 34
0105_0007_0026_0065_0040.jpg 1 7 26 65 40
0106_0036_0025_0059_0037.jpg 1 36 25 59 37
0107_0017_0018_0050_0031.jpg 1 17 18 50 31
0108_0029_0008_0058_0036.jpg 1 29 8 58 36
0109_0020_0048_0066_0041.jpg 1 20 48 66 41
0110_0011_0045_0062_0038.jpg 1 11 45 62 38
0111_0029_0047_0056_0035.jpg 1 29 47 56 35
0112_0018_0034_0053_0033.jpg 1 18 34 53 33
0113_0012_0048_0052_0032.jpg 1 12 48 52 32
0114_0011_0028_0064_0040.jpg 1 11 28 64 40
0115_0019_0007_0065_0040.jpg 1 19 7 65 40
0116_0021_0011_0062_0039.jpg 1 21 11 62 39
0117_0037_0016_0049_0030.jpg 1 37 16 49 30
0118_0009_0033_0058_0036.jpg 1 9 33 58 36
0119_0026_0049_0056_0035.jpg 1 26 49 56 35
0120_0008_0017_0059_0037.jpg 1 8 17 59 37
0121_0028_0044_0054_0033.jpg 1 28 44 54 33
0122_0005_0006_0059_0037.jpg 1 5 6 59 37
0123_0024_0009_0052_0033.jpg 1 24 9 52 33
0124_0013_0015_0063_0039.jpg 1 13 15 63 39
0125_0006_0012_0050_0031.jpg 1 6 12 50 31
0126_0011_0042_0064_0040.jpg 1 11 42 64 40
0127_0028_0034_0068_0042.jpg 1 28 34 68 42
0128_0017_0046_0052_0032.jpg 1 17 46 52 32
0129_0023_0029_0061_0038.jpg 1 23 29 61 38
0130_0012_0034_0049_0031.jpg 1 12 34 49 31
0131_0017_0029_0061_0038.jpg 1 17 29 61 38
0132_0025_0037_0065_0040.jpg 1 25 37 65 40
0133_0019_0035_0051_0032.jpg 1 19 35 51 32
0134_0018_0038_0051_0032.jpg 1 18 38 51 32
0135_0016_0018_0064_0040.jpg 1 16 18 64 40
0136_0012_0013_0061_0038.jpg 1 12 13 61 38
0137_0017_0014_0053_0033.jpg 1 17 14 53 33
0138_0005_0049_0057_0035.jpg 1 5 49 57 35
0139_0036_0010_0049_0030.jpg 1 36 10 49 30
0140_0006_0028_0066_0041.jpg 1 6 28 66 41
0141_0043_0042_0050_0031.jpg 1 43 42 50 31
0142_0017_0039_0052_0032.jpg 1 17 39 52 32
0143_0021_0047_0056_0035.jpg 1 21 47 56 35
0144_0034_0018_0056_0035.jpg 1 34 18 56 35
0145_0024_0035_0052_0032.jpg 1 24 35 52 32
0146_0018_0028_0062_0039.jpg 1 18 28 62 39
0147_0007_0048_0068_0042.jpg 1 7 48 68 42
0148_0009_0052_0064_0040.jpg 1 9 52 64 40
0149_0010_0026_0049_0030.jpg 1 10 26 49 30
0150_0029_0015_0053_0033.jpg 1 29 15 53 33
0151_0024_0038_0048_0030.jpg 1 24 38 48 30
0152_0006_0030_0056_0035.jpg 1 6 30 56 35
0153_0020_0020_0069_0043.jpg 1 20 20 69 43
0154_0025_0011_0049_0030.jpg 1 25 11 49 30
0155_0025_0011_0054_0034.jpg 1 25 11 54 34
0156_0016_0019_0065_0040.jpg 1 16 19 65 40
0157_0027_0030_0065_0041.jpg 1 27 30 65 41
0158_0008_0055_0051_0032.jpg 1 8 55 51 32
0159_0008_0042_0054_0034.jpg 1 8 42 54 34
0160_0014_0029_0052_0033.jpg 1 14 29 52 33
0161_0026_0047_0068_0042.jpg 1 26 47 68 42
0162_0021_0027_0069_0043.jpg 1 21 27 69 43
0163_0021_0031_0053_0033.jpg 1 21 31 53 33
0164_0018_0029_0067_0042.jpg 1 18 29 67 42
0165_0012_0013_0061_0038.jpg 1 12 13 61 38
0166_0013_0010_0061_0038.jpg 1 13 10 61 38
0167_0010_0038_0054_0033.jpg 1 10 38 54 33
0168_0023_0046_0056_0035.jpg 1 23 46 56 35
0169_0014_0051_0052_0032.jpg 1 14 51 52 32
0170_0034_0009_0061_0038.jpg 1 34 9 61 38
0171_0034_0007_0054_0034.jpg 1 34 7 54 34
0172_0006_0021_0063_0039.jpg 1 6 21 63 39
0173_0025_0050_0067_0042.jpg 1 25 50 67 42
0174_0004_0053_0053_0033.jpg 1 4 53 53 33
0175_0030_0010_0061_0038.jpg 1 30 10 61 38
0176_0034_0050_0061_0038.jpg 1 34 50 61 38
0177_0009_0022_0051_0032.jpg 1 9 22 51 32
0178_0005_0016_0051_0032.jpg 1 5 16 51 32
0179_0006_0023_0055_0034.jpg 1 6 23 55 34
0180_0014_0009_0067_0042.jpg 1 14 9 67 42
0181_0012_0045_0062_0039.jpg 1 12 45 62 39
0182_0013_0022_0064_0040.jpg 1 13 22 64 40
0183_0010_0013_0051_0032.jpg 1 10 13 51 32
0184_0012_0056_0058_0036.jpg 1 12 56 58 36
0185_0033_0054_0050_0031.jpg 1 33 54 50 31
0186_0025_0044_0050_0031.jpg 1 25 44 50 31
0187_0033_0018_0055_0034.jpg 1 33 18 55 34
0188_0034_0035_0048_0030.jpg 1 34 35 48 30
0189_0011_0045_0068_0042.jpg 1 11 45 68 42
0190_0007_0039_0067_0042.jpg 1 7 39 67 42
0191_0035_0010_0050_0031.jpg 1 35 10 50 31
0192_0019_0042_0068_0042.jpg 1 19 42 68 42
0193_0035_0038_0053_0033.jpg 1 35 38 53 33
0194_0030_0022_0062_0038.jpg 1 30 22 62 38
0195_0025_0053_0064_0040.jpg 1 25 53 64 40
0196_0023_0021_0051_0032.jpg 1 23 21 51 32
0197_0007_0037_0068_0042.jpg 1 7 37 68 42
0198_0012_0043_0049_0030.jpg 1 12 43 49 30
0199_0041_0036_0048_0030.jpg 1 41 36 48 30
0200_0017_0052_0059_0037.jpg 1 17 52 59 37
0201_0008_0034_0063_0039.jpg 1 8 34 63 39
0202_0023_0012_0069_0043.jpg 1 23 12 69 43
0203_0013_0049_0063_0039.jpg 1 13 49 63 39
0204_0003_0048_0069_0043.jpg 1 3 48 69 43
0205_0022_0052_0048_0030.jpg 1 22 52 48 30
0206_0008_0022_0055_0034.jpg 1 8 22 55 34
0207_0017_0034_0059_0037.jpg 1 17 34 59 37
0208_0007_0010_0055_0034.jpg 1 7 10 55 34
0209_0028_0012_0062_0038.jpg 1 28 12 62 38
0210_0020_0028_0068_0042.jpg 1 20 28 68 42
0211_0011_0013_0061_0038.jpg 1 11 13 61 38
0212_0029_0017_0064_0040.jpg 1 29 17 64 40
0213_0030_0030_0061_0038.jpg 1 30 30 61 38
0214_0015_0055_0055_0034.jpg 1 15 55 55 34
0215_0025_0014_0064_0040.jpg 1 25 14 64 40
0216_0012_0009_0069_0043.jpg 1 12 9 69 43
0217_0014_0052_0056_0035.jpg 1 14 52 56 35
0218_0006_0020_0069_0043.jpg 1 6 20 69 43
0219_0021_0017_0066_0041.jpg 1 21 17 66 41
0220_0007_0037_0069_0043.jpg 1 7 37 69 43
0221_0026_0011_0062_0038.jpg 1 26 11 62 38
0222_0030_0020_0056_0035.jpg 1 30 20 56 35
0223_0035_0048_0048_0030.jpg 1 35 48 48 30
0224_0036_0038_0051_0032.jpg 1 36 38 51 32
0225_0028_0034_0057_0036.jpg 1 28 34 57 36
0226_0019_0009_0065_0041.jpg 1 19 9 65 41
0227_0003_0049_0069_0043.jpg 1 3 49 69 43
0228_0005_0044_0051_0031.jpg 1 5 44 51 31
0229_0021_0007_0051_0032.jpg 1 21 7 51 32
0230_0035_0028_0049_0031.jpg 1 35 28 49 31
0231_0036_0019_0050_0031.jpg 1 36 19 50 31
0232_0032_0022_0062_0039.jpg 1 32 22 62 39
0233_0032_0013_0052_0032.jpg 1 32 13 52 32
0234_0027_0036_0048_0030.jpg 1 27 36 48 30
0235_0015_0014_0064_0040.jpg 1 15 14 64 40
0236_0019_0026_0051_0032.jpg 1 19 26 51 32
0237_0028_0010_0062_0038.jpg 1 28 10 62 38
0238_0029_0032_0064_0040.jpg 1 29 32 64 40
0239_0020_0046_0069_0043.jpg 1 20 46 69 43
0240_0009_0039_0054_0034.jpg 1 9 39 54 34
0241_0029_0044_0051_0031.jpg 1 29 44 51 31
0242_0023_0045_0061_0038.jpg 1 23 45 61 38
0243_0025_0046_0069_0043.jpg 1 25 46 69 43
0244_0029_0038_0056_0035.jpg 1 29 38 56 35
0245_0012_0012_0059_0036.jpg 1 12 12 59 36
0246_0039_0007_0054_0033.jpg 1 39 7 54 33
0247_0006_0019_0054_0034.jpg 1 6 19 54 34
0248_0007_0024_0053_0033.jpg 1 7 24 53 33
0249_0025_0042_0054_0034.jpg 1 25 42 54 34
0250_0010_0020_0062_0039.jpg 1 10 20 62 39
0251_0015_0009_0068_0042.jpg 1 15 9 68 42
0252_0037_0053_0055_0034.jpg 1 37 53 55 34
0253_0013_0025_0064_0040.jpg 1 13 25 64 40
0254_0009_0015_0069_0043.jpg 1 9 15 69 43
0255_0031_0049_0056_0035.jpg 1 31 49 56 35
0256_0022_0058_0048_0030.jpg 1 22 58 48 30
