0001_0023_0017_0061_0038.jpg 1 23 17 61 38
0002_0022_0048_0058_0036.jpg 1 22 48 58 36
0003_0010_0006_0068_0042.jpg 1 10 6 68 42
0004_0029_0035_0062_0039.jpg 1 29 35 62 39
0005_0020_0008_0050_0031.jpg 1 20 8 50 31
0006_0026_0009_0063_0039.jpg 1 26 9 63 39
0007_0042_0030_0050_0031.jpg 1 42 30 50 31
0008_0032_0035_0049_0030.jpg 1 32 35 49 30
0009_0010_0040_0068_0042.jpg 1 10 40 68 42
0010_0005_0046_0061_0038.jpg 1 5 46 61 38
0011_0018_0049_0064_0040.jpg 1 18 49 64 40
0012_0026_0021_0061_0038.jpg 1 26 21 61 38
0013_0034_0030_0062_0039.jpg 1 34 30 62 39
0014_0032_0037_0052_0032.jpg 1 32 37 52 32
0015_0016_0029_0068_0042.jpg 1 16 29 68 42
0016_0012_0016_0059_0037.jpg 1 12 16 59 37
0017_0013_0006_0058_0036.jpg 1 13 6 58 36
0018_0010_0032_0051_0031.jpg 1 10 32 51 31
0019_0021_0035_0048_0030.jpg 1 21 35 48 30
0020_0024_0022_0060_0037.jpg 1 24 22 60 37
0021_0031_0028_0052_0032.jpg 1 31 28 52 32
0022_0021_0042_0056_0035.jpg 1 21 42 56 35
0023_0024_0031_0065_0040.jpg 1 24 31 65 40
0024_0028_0024_0062_0039.jpg 1 28 24 62 39
0025_0010_0051_0064_0040.jpg 1 10 51 64 40
0026_0011_0011_0067_0041.jpg 1 11 11 67 41
0027_0026_0058_0052_0032.jpg 1 26 58 52 32
0028_0007_0018_0069_0043.jpg 1 7 18 69 43
0029_0015_0039_0067_0042.jpg 1 15 39 67 42
0030_0034_0053_0059_0037.jpg 1 34 53 59 37
0031_0032_0024_0053_0033.jpg 1 32 24 53 33
0032_0023_0013_0057_0035.jpg 1 23 13 57 35
0033_0013_0011_0067_0042.jpg 1 13 11 67 42
0034_0023_0019_0061_0038.jpg 1 23 19 61 38
0035_0004_0022_0066_0041.jpg 1 4 22 66 41
0036_0020_0041_0052_0032.jpg 1 20 41 52 32
0037_0021_0019_0067_0041.jpg 1 21 19 67 41
0038_0014_0047_0067_0041.jpg 1 14 47 67 41
0039_0038_0020_0057_0036.jpg 1 38 20 57 36
0040_0034_0015_0058_0036.jpg 1 34 15 58 36
0041_0027_0040_0057_0036.jpg 1 27 40 57 36
0042_0006_0015_0056_0035.jpg 1 6 15 56 35
0043_0014_0013_0049_0030.jpg 1 14 13 49 30
0044_0006_0022_0058_0036.jpg 1 6 22 58 36
0045_0025_0058_0055_0034.jpg 1 25 58 55 34
0046_0016_0043_0068_0042.jpg 1 16 43 68 42
0047_0026_0017_0063_0039.jpg 1 26 17 63 39
0048_0022_0038_0048_0030.jpg 1 22 38 48 30
0049_0011_0039_0067_0042.jpg 1 11 39 67 42
0050_0037_0020_0058_0036.jpg 1 37 20 58 36
0051_0019_0051_0063_0039.jpg 1 19 51 63 39
0052_0016_0057_0049_0031.jpg 1 16 57 49 31
0053_0023_0023_0067_0041.jpg 1 23 23 67 41
0054_0007_0018_0061_0038.jpg 1 7 18 61 38
0055_0035_0026_0053_0033.jpg 1 35 26 53 33
0056_0027_0044_0057_0036.jpg 1 27 44 57 36
0057_0039_0030_0048_0030.jpg 1 39 30 48 30
0058_0007_0049_0051_0032.jpg 1 7 49 51 32
0059_0009_0047_0066_0041.jpg 1 9 47 66 41
0060_0019_0016_0067_0041.jpg 1 19 16 67 41
0061_0025_0013_0065_0040.jpg 1 25 13 65 40
0062_0013_0051_0059_0037.jpg 1 13 51 59 37
0063_0007_0022_0056_0035.jpg 1 7 22 56 35
0064_0042_0044_0052_0033.jpg 1 42 44 52 33
0065_0020_0029_0069_0043.jpg 1 20 29 69 43
0066_0031_0038_0061_0038.jpg 1 31 38 61 38
0067_0015_0038_0066_0041.jpg 1 15 38 66 41
0068_0009_0042_0049_0030.jpg 1 9 42 49 30
0069_0031_0041_0057_0035.jpg 1 31 41 57 35
0070_0035_0050_0054_0033.jpg 1 35 50 54 33
0071_0010_0043_0051_0032.jpg 1 10 43 51 32
0072_0044_0014_0050_0031.jpg 1 44 14 50 31
0073_0022_0052_0058_0036.jpg 1 22 52 58 36
0074_0023_0017_0069_0043.jpg 1 23 17 69 43
0075_0014_0028_0067_0042.jpg 1 14 28 67 42
0076_0029_0010_0061_0038.jpg 1 29 10 61 38
0077_0021_0047_0063_0039.jpg 1 21 47 63 39
0078_0025_0030_0065_0040.jpg 1 25 30 65 40
0079_0026_0007_0052_0032.jpg 1 26 7 52 32
0080_0032_0037_0059_0037.jpg 1 32 37 59 37
0081_0038_0055_0053_0033.jpg 1 38 55 53 33
0082_0020_0012_0066_0041.jpg 1 20 12 66 41
0083_0036_0040_0055_0034.jpg 1 36 40 55 34
0084_0029_0046_0055_0034.jpg 1 29 46 55 34
0085_0031_0043_0056_0035.jpg 1 31 43 56 35
0086_0017_0047_0054_0033.jpg 1 17 47 54 33
0087_0015_0033_0066_0041.jpg 1 15 33 66 41
0088_0033_0019_0049_0030.jpg 1 33 19 49 30
0089_0022_0036_0050_0031.jpg 1 22 36 50 31
0090_0022_0030_0064_0040.jpg 1 22 30 64 40
0091_0033_0013_0057_0035.jpg 1 33 13 57 35
0092_0022_0017_0064_0040.jpg 1 22 17 64 40
0093_0008_0030_0054_0033.jpg 1 8 30 54 33
0094_0013_0032_0067_0042.jpg 1 13 32 67 42
0095_0041_0056_0052_0032.jpg 1 41 56 52 32
0096_0029_0036_0055_0034.jpg 1 29 36 55 34
0097_0040_0044_0049_0030.jpg 1 40 44 49 30
0098_0027_0035_0064_0040.jpg 1 27 35 64 40
0099_0024_0039_0064_0040.jpg 1 24 39 64 40
0100_0035_0058_0051_0032.jpg 1 35 58 51 32
0101_0004_0012_0062_0039.jpg 1 4 12 62 39
0102_0016_0026_0058_0036.jpg 1 16 26 58 36
0103_0029_0020_0057_0035.jpg 1 29 20 57 35
0104_0035_0020_0049_0030.jpg 1 35 20 49 30
0105_0015_0045_0065_0041.jpg 1 15 45 65 41
0106_0024_0037_0065_0041.jpg 1 24 37 65 41
0107_0008_0050_0055_0034.jpg 1 8 50 55 34
0108_0026_0025_0049_0031.jpg 1 26 25 49 31
0109_0007_0042_0068_0042.jpg 1 7 42 68 42
0110_0011_0025_0051_0032.jpg 1 11 25 51 32
0111_0011_0051_0066_0041.jpg 1 11 51 66 41
0112_0015_0041_0056_0035.jpg 1 15 41 56 35
0113_0032_0045_0060_0037.jpg 1 32 45 60 37
0114_0011_0023_0067_0042.jpg 1 11 23 67 42
0115_0009_0051_0063_0039.jpg 1 9 51 63 39
0116_0012_0033_0067_0042.jpg 1 12 33 67 42
0117_0006_0008_0051_0031.jpg 1 6 8 51 31
0118_0015_0031_0068_0043.jpg 1 15 31 68 43
0119_0038_0044_0054_0034.jpg 1 38 44 54 34
0120_0020_0045_0057_0035.jpg 1 20 45 57 35
0121_0008_0017_0064_0040.jpg 1 8 17 64 40
0122_0009_0026_0054_0033.jpg 1 9 26 54 33
0123_0031_0052_0060_0038.jpg 1 31 52 60 38
0124_0006_0009_0069_0043.jpg 1 6 9 69 43
0125_0031_0052_0055_0034.jpg 1 31 52 55 34
0126_0006_0030_0062_0039.jpg 1 6 30 62 39
0127_0032_0023_0061_0038.jpg 1 32 23 61 38
0128_0043_0018_0051_0032.jpg 1 43 18 51 32
0129_0012_0015_0049_0031.jpg 1 12 15 49 31
0130_0004_0050_0059_0037.jpg 1 4 50 59 37
0131_0037_0055_0057_0035.jpg 1 37 55 57 35
0132_0007_0029_0064_0040.jpg 1 7 29 64 40
0133_0019_0022_0054_0034.jpg 1 19 22 54 34
0134_0013_0050_0057_0035.jpg 1 13 50 57 35
0135_0025_0030_0057_0035.jpg 1 25 30 57 35
0136_0033_0055_0060_0037.jpg 1 33 55 60 37
0137_0018_0033_0069_0043.jpg 1 18 33 69 43
0138_0021_0022_0054_0034.jpg 1 21 22 54 34
0139_0007_0042_0053_0033.jpg 1 7 42 53 33
0140_0004_0039_0068_0042.jpg 1 4 39 68 42
0141_0041_0019_0051_0032.jpg 1 41 19 51 32
0142_0010_0011_0060_0037.jpg 1 10 11 60 37
0143_0023_0033_0059_0037.jpg 1 23 33 59 37
0144_0032_0008_0059_0037.jpg 1 32 8 59 37
0145_0015_0012_0059_0037.jpg 1 15 12 59 37
0146_0022_0023_0048_0030.jpg 1 22 23 48 30
0147_0015_0034_0054_0034.jpg 1 15 34 54 34
0148_0019_0015_0060_0037.jpg 1 19 15 60 37
0149_0027_0048_0062_0039.jpg 1 27 48 62 39
0150_0023_0054_0061_0038.jpg 1 23 54 61 38
0151_0004_0036_0066_0041.jpg 1 4 36 66 41
0152_0013_0026_0057_0035.jpg 1 13 26 57 35
0153_0023_0034_0057_0035.jpg 1 23 34 57 35
0154_0006_0009_0061_0038.jpg 1 6 9 61 38
0155_0011_0016_0054_0033.jpg 1 11 16 54 33
0156_0024_0038_0062_0039.jpg 1 24 38 62 39
0157_0039_0047_0052_0032.jpg 1 39 47 52 32
0158_0004_0027_0062_0039.jpg 1 4 27 62 39
0159_0009_0048_0065_0040.jpg 1 9 48 65 40
0160_0040_0018_0048_0030.jpg 1 40 18 48 30
0161_0012_0036_0063_0039.jpg 1 12 36 63 39
0162_0018_0046_0069_0043.jpg 1 18 46 69 43
0163_0021_0011_0067_0042.jpg 1 21 11 67 42
0164_0017_0023_0059_0037.jpg 1 17 23 59 37
0165_0018_0015_0059_0037.jpg 1 18 15 59 37
0166_0016_0029_0059_0037.jpg 1 16 29 59 37
0167_0033_0049_0058_0036.jpg 1 33 49 58 36
0168_0012_0056_0054_0033.jpg 1 12 56 54 33
0169_0012_0032_0050_0031.jpg 1 12 32 50 31
0170_0017_0060_0049_0030.jpg 1 17 60 49 30
0171_0016_0029_0068_0042.jpg 1 16 29 68 42
0172_0017_0030_0050_0031.jpg 1 17 30 50 31
0173_0027_0021_0066_0041.jpg 1 27 21 66 41
0174_0007_0016_0051_0032.jpg 1 7 16 51 32
0175_0034_0017_0057_0036.jpg 1 34 17 57 36
0176_0024_0034_0055_0034.jpg 1 24 34 55 34
0177_0027_0055_0049_0030.jpg 1 27 55 49 30
0178_0006_0050_0049_0031.jpg 1 6 50 49 31
0179_0008_0014_0049_0030.jpg 1 8 14 49 30
0180_0010_0006_0068_0043.jpg 1 10 6 68 43
0181_0014_0009_0061_0038.jpg 1 14 9 61 38
0182_0015_0019_0067_0042.jpg 1 15 19 67 42
0183_0032_0042_0051_0032.jpg 1 32 42 51 32
0184_0020_0053_0062_0039.jpg 1 20 53 62 39
0185_0032_0035_0050_0031.jpg 1 32 35 50 31
0186_0007_0007_0054_0034.jpg 1 7 7 54 34
0187_0011_0045_0056_0035.jpg 1 11 45 56 35
0188_0014_0034_0067_0042.jpg 1 14 34 67 42
0189_0018_0035_0067_0042.jpg 1 18 35 67 42
0190_0030_0012_0059_0037.jpg 1 30 12 59 37
0191_0028_0010_0067_0042.jpg 1 28 10 67 42
0192_0021_0041_0053_0033.jpg 1 21 41 53 33
0193_0006_0025_0067_0041.jpg 1 6 25 67 41
0194_0027_0054_0054_0034.jpg 1 27 54 54 34
0195_0017_0061_0048_0030.jpg 1 17 61 48 30
0196_0033_0007_0052_0032.jpg 1 33 7 52 32
0197_0023_0042_0069_0043.jpg 1 23 42 69 43
0198_0042_0057_0049_0030.jpg 1 42 57 49 30
0199_0018_0045_0061_0038.jpg 1 18 45 61 38
0200_0011_0008_0066_0041.jpg 1 11 8 66 41
0201_0016_0055_0058_0036.jpg 1 16 55 58 36
0202_0023_0038_0059_0037.jpg 1 23 38 59 37
0203_0036_0023_0052_0033.jpg 1 36 23 52 33
0204_0026_0014_0059_0037.jpg 1 26 14 59 37
0205_0019_0041_0064_0040.jpg 1 19 41 64 40
0206_0014_0039_0054_0034.jpg 1 14 39 54 34
0207_0041_0015_0052_0032.jpg 1 41 15 52 32
0208_0023_0008_0061_0038.jpg 1 23 8 61 38
0209_0042_0048_0048_0030.jpg 1 42 48 48 30
0210_0034_0019_0052_0033.jpg 1 34 19 52 33
0211_0013_0046_0050_0031.jpg 1 13 46 50 31
0212_0032_0054_0052_0032.jpg 1 32 54 52 32
0213_0032_0043_0057_0035.jpg 1 32 43 57 35
0214_0032_0037_0061_0038.jpg 1 32 37 61 38
0215_0029_0048_0062_0038.jpg 1 29 48 62 38
0216_0040_0022_0054_0033.jpg 1 40 22 54 33
0217_0016_0010_0066_0041.jpg 1 16 10 66 41
0218_0020_0040_0064_0040.jpg 1 20 40 64 40
0219_0010_0050_0066_0041.jpg 1 10 50 66 41
0220_0017_0005_0069_0043.jpg 1 17 5 69 43
0221_0019_0030_0056_0035.jpg 1 19 30 56 35
0222_0008_0014_0064_0040.jpg 1 8 14 64 40
0223_0011_0013_0055_0034.jpg 1 11 13 55 34
0224_0022_0007_0051_0032.jpg 1 22 7 51 32
0225_0020_0014_0051_0032.jpg 1 20 14 51 32
0226_0030_0060_0052_0032.jpg 1 30 60 52 32
0227_0019_0033_0069_0043.jpg 1 19 33 69 43
0228_0005_0038_0065_0041.jpg 1 5 38 65 41
0229_0011_0008_0066_0041.jpg 1 11 8 66 41
0230_0041_0038_0054_0034.jpg 1 41 38 54 34
0231_0009_0038_0064_0040.jpg 1 9 38 64 40
0232_0004_0008_0064_0040.jpg 1 4 8 64 40
0233_0032_0044_0050_0031.jpg 1 32 44 50 31
0234_0043_0054_0049_0031.jpg 1 43 54 49 31
0235_0005_0028_0056_0035.jpg 1 5 28 56 35
0236_0007_0044_0049_0030.jpg 1 7 44 49 30
0237_0016_0035_0063_0039.jpg 1 16 35 63 39
0238_0023_0016_0061_0038.jpg 1 23 16 61 38
0239_0034_0031_0054_0033.jpg 1 34 31 54 33
0240_0021_0037_0051_0032.jpg 1 21 37 51 32
0241_0011_0029_0069_0043.jpg 1 11 29 69 43
0242_0010_0007_0055_0034.jpg 1 10 7 55 34
0243_0031_0036_0057_0035.jpg 1 31 36 57 35
0244_0025_0052_0054_0034.jpg 1 25 52 54 34
0245_0032_0057_0057_0035.jpg 1 32 57 57 35
0246_0004_0034_0064_0040.jpg 1 4 34 64 40
0247_0006_0049_0066_0041.jpg 1 6 49 66 41
0248_0016_0028_0063_0039.jpg 1 16 28 63 39
0249_0033_0015_0063_0039.jpg 1 33 15 63 39
0250_0030_0029_0053_0033.jpg 1 30 29 53 33
0251_0012_0038_0062_0038.jpg 1 12 38 62 38
0252_0016_0017_0048_0030.jpg 1 16 17 48 30
0253_0037_0036_0053_0033.jpg 1 37 36 53 33
0254_0028_0020_0060_0037.jpg 1 28 20 60 37
0255_0018_0045_0066_0041.jpg 1 18 45 66 41
0256_0042_0054_0053_0033.jpg 1 42 54 53 33
