0001_0025_0037_0063_0039.jpg 1 25 37 63 39
0002_0010_0016_0065_0040.jpg 1 10 16 65 40
0003_0008_0013_0065_0040.jpg 1 8 13 65 40
0004_0023_0023_0060_0037.jpg 1 23 23 60 37
0005_0013_0032_0067_0042.jpg 1 13 32 67 42
0006_0023_0032_0067_0042.jpg 1 23 32 67 42
0007_0013_0007_0056_0035.jpg 1 13 7 56 35
0008_0013_0046_0067_0042.jpg 1 13 46 67 42
0009_0042_0009_0049_0030.jpg 1 42 9 49 30
0010_0010_0032_0067_0042.jpg 1 10 32 67 42
0011_0022_0039_0063_0039.jpg 1 22 39 63 39
0012_0032_0029_0064_0040.jpg 1 32 29 64 40
0013_0025_0039_0057_0036.jpg 1 25 39 57 36
0014_0007_0052_0061_0038.jpg 1 7 52 61 38
0015_0040_0027_0049_0031.jpg 1 40 27 49 31
0016_0005_0049_0058_0036.jpg 1 5 49 58 36
0017_0027_0046_0053_0033.jpg 1 27 46 53 33
0018_0011_0057_0056_0035.jpg 1 11 57 56 35
0019_0007_0032_0065_0040.jpg 1 7 32 65 40
0020_0016_0043_0063_0039.jpg 1 16 43 63 39
0021_0030_0026_0057_0036.jpg 1 30 26 57 36
0022_0027_0054_0063_0039.jpg 1 27 54 63 39
0023_0031_0026_0050_0031.jpg 1 31 26 50 31
0024_0036_0029_0052_0032.jpg 1 36 29 52 32
0025_0006_0024_0059_0037.jpg 1 6 24 59 37
0026_0036_0021_0055_0034.jpg 1 36 21 55 34
0027_0017_0017_0051_0032.jpg 1 17 17 51 32
0028_0025_0039_0063_0039.jpg 1 25 39 63 39
0029_0023_0028_0056_0035.jpg 1 23 28 56 35
0030_0005_0048_0065_0040.jpg 1 5 48 65 40
0031_0022_0021_0067_0042.jpg 1 22 21 67 42
0032_0023_0039_0056_0035.jpg 1 23 39 56 35
0033_0037_0042_0052_0032.jpg 1 37 42 52 32
0034_0011_0019_0065_0040.jpg 1 11 19 65 40
0035_0029_0026_0063_0039.jpg 1 29 26 63 39
0036_0028_0049_0064_0040.jpg 1 28 49 64 40
0037_0015_0018_0056_0035.jpg 1 15 18 56 35
0038_0006_0042_0066_0041.jpg 1 6 42 66 41
0039_0008_0017_0069_0043.jpg 1 8 17 69 43
0040_0041_0009_0049_0030.jpg 1 41 9 49 30
0041_0037_0011_0056_0035.jpg 1 37 11 56 35
0042_0005_0058_0051_0032.jpg 1 5 58 51 32
0043_0021_0013_0068_0042.jpg 1 21 13 68 42
0044_0018_0027_0068_0042.jpg 1 18 27 68 42
0045_0031_0058_0050_0031.jpg 1 31 58 50 31
0046_0008_0020_0057_0036.jpg 1 8 20 57 36
0047_0014_0014_0065_0041.jpg 1 14 14 65 41
0048_0024_0014_0051_0032.jpg 1 24 14 51 32
0049_0015_0022_0069_0043.jpg 1 15 22 69 43
0050_0007_0019_0058_0036.jpg 1 7 19 58 36
0051_0005_0050_0063_0039.jpg 1 5 50 63 39
0052_0010_0019_0067_0042.jpg 1 10 19 67 42
0053_0016_0058_0055_0034.jpg 1 16 58 55 34
0054_0031_0027_0053_0033.jpg 1 31 27 53 33
0055_0004_0012_0063_0039.jpg 1 4 12 63 39
0056_0008_0024_0067_0042.jpg 1 8 24 67 42
0057_0018_0007_0068_0042.jpg 1 18 7 68 42
0058_0023_0017_0052_0033.jpg 1 23 17 52 33
0059_0026_0037_0066_0041.jpg 1 26 37 66 41
0060_0019_0040_0056_0035.jpg 1 19 40 56 35
0061_0030_0010_0061_0038.jpg 1 30 10 61 38
0062_0018_0041_0068_0042.jpg 1 18 41 68 42
0063_0019_0029_0061_0038.jpg 1 19 29 61 38
0064_0034_0006_0050_0031.jpg 1 34 6 50 31
0065_0018_0027_0062_0038.jpg 1 18 27 62 38
0066_0023_0011_0054_0034.jpg 1 23 11 54 34
0067_0030_0029_0062_0039.jpg 1 30 29 62 39
0068_0007_0038_0069_0043.jpg 1 7 38 69 43
0069_0019_0046_0061_0038.jpg 1 19 46 61 38
0070_0012_0041_0068_0042.jpg 1 12 41 68 42
0071_0022_0036_0065_0040.jpg 1 22 36 65 40
0072_0005_0052_0057_0036.jpg 1 5 52 57 36
0073_0025_0025_0068_0042.jpg 1 25 25 68 42
0074_0038_0049_0050_0031.jpg 1 38 49 50 31
0075_0012_0041_0054_0033.jpg 1 12 41 54 33
0076_0004_0048_0062_0039.jpg 1 4 48 62 39
0077_0012_0026_0065_0040.jpg 1 12 26 65 40
0078_0021_0047_0063_0039.jpg 1 21 47 63 39
0079_0011_0018_0066_0041.jpg 1 11 18 66 41
0080_0034_0007_0056_0035.jpg 1 34 7 56 35
0081_0009_0051_0063_0039.jpg 1 9 51 63 39
0082_0031_0033_0064_0040.jpg 1 31 33 64 40
0083_0007_0014_0068_0042.jpg 1 7 14 68 42
0084_0028_0056_0056_0035.jpg 1 28 56 56 35
0085_0025_0030_0056_0035.jpg 1 25 30 56 35
0086_0011_0027_0060_0037.jpg 1 11 27 60 37
0087_0009_0041_0067_0042.jpg 1 9 41 67 42
0088_0023_0030_0065_0040.jpg 1 23 30 65 40
0089_0007_0053_0063_0039.jpg 1 7 53 63 39
0090_0013_0052_0063_0039.jpg 1 13 52 63 39
0091_0012_0013_0067_0042.jpg 1 12 13 67 42
0092_0004_0052_0056_0035.jpg 1 4 52 56 35
0093_0020_0031_0064_0040.jpg 1 20 31 64 40
0094_0016_0058_0048_0030.jpg 1 16 58 48 30
0095_0007_0007_0068_0042.jpg 1 7 7 68 42
0096_0009_0020_0051_0031.jpg 1 9 20 51 31
0097_0023_0027_0065_0040.jpg 1 23 27 65 40
0098_0006_0023_0052_0032.jpg 1 6 23 52 32
0099_0021_0010_0067_0042.jpg 1 21 10 67 42
0100_0022_0009_0059_0037.jpg 1 22 9 59 37
0101_0025_0040_0058_0036.jpg 1 25 40 58 36
0102_0024_0056_0053_0033.jpg 1 24 56 53 33
0103_0006_0052_0056_0035.jpg 1 6 52 56 35
0104_0017_0043_0052_0033.jpg 1 17 43 52 33
0105_0016_0018_0048_0030.jpg 1 16 18 48 30
0106_0018_0020_0065_0040.jpg 1 18 20 65 40
0107_0043_0056_0050_0031.jpg 1 43 56 50 31
0108_0033_0054_0054_0034.jpg 1 33 54 54 34
0109_0030_0038_0065_0040.jpg 1 30 38 65 40
0110_0019_0035_0048_0030.jpg 1 19 35 48 30
0111_0045_0031_0048_0030.jpg 1 45 31 48 30
0112_0009_0051_0056_0035.jpg 1 9 51 56 35
0113_0012_0038_0048_0030.jpg 1 12 38 48 30
0114_0037_0034_0054_0034.jpg 1 37 34 54 34
0115_0014_0019_0067_0042.jpg 1 14 19 67 42
0116_0004_0035_0058_0036.jpg 1 4 35 58 36
0117_0011_0051_0068_0042.jpg 1 11 51 68 42
0118_0019_0017_0051_0032.jpg 1 19 17 51 32
0119_0030_0008_0063_0039.jpg 1 30 8 63 39
0120_0028_0022_0066_0041.jpg 1 28 22 66 41
0121_0016_0025_0064_0040.jpg 1 16 25 64 40
0122_0012_0014_0067_0042.jpg 1 12 14 67 42
0123_0016_0050_0049_0031.jpg 1 16 50 49 31
0124_0015_0018_0064_0040.jpg 1 15 18 64 40
0125_0015_0019_0062_0038.jpg 1 15 19 62 38
0126_0012_0038_0049_0030.jpg 1 12 38 49 30
0127_0029_0012_0061_0038.jpg 1 29 12 61 38
0128_0020_0026_0063_0039.jpg 1 20 26 63 39
