0001_0041_0013_0051_0032.jpg 1 41 13 51 32
0002_0036_0016_0053_0033.jpg 1 36 16 53 33
0003_0033_0008_0059_0037.jpg 1 33 8 59 37
0004_0030_0007_0051_0032.jpg 1 30 7 51 32
0005_0015_0024_0069_0043.jpg 1 15 24 69 43
0006_0029_0038_0065_0040.jpg 1 29 38 65 40
0007_0021_0019_0054_0033.jpg 1 21 19 54 33
0008_0017_0010_0059_0036.jpg 1 17 10 59 36
0009_0027_0039_0053_0033.jpg 1 27 39 53 33
0010_0012_0016_0062_0038.jpg 1 12 16 62 38
0011_0015_0043_0065_0040.jpg 1 15 43 65 40
0012_0012_0026_0063_0039.jpg 1 12 26 63 39
0013_0025_0049_0064_0040.jpg 1 25 49 64 40
0014_0023_0058_0056_0035.jpg 1 23 58 56 35
0015_0007_0051_0052_0032.jpg 1 7 51 52 32
0016_0034_0053_0057_0035.jpg 1 34 53 57 35
0017_0034_0028_0051_0032.jpg 1 34 28 51 32
0018_0017_0043_0066_0041.jpg 1 17 43 66 41
0019_0025_0032_0054_0033.jpg 1 25 32 54 33
0020_0027_0031_0067_0041.jpg 1 27 31 67 41
0021_0021_0047_0060_0037.jpg 1 21 47 60 37
0022_0028_0037_0065_0040.jpg 1 28 37 65 40
0023_0030_0020_0059_0037.jpg 1 30 20 59 37
0024_0023_0060_0051_0031.jpg 1 23 60 51 31
0025_0023_0017_0050_0031.jpg 1 23 17 50 31
0026_0037_0054_0050_0031.jpg 1 37 54 50 31
0027_0007_0038_0067_0042.jpg 1 7 38 67 42
0028_0026_0006_0063_0039.jpg 1 26 6 63 39
0029_0024_0020_0065_0040.jpg 1 24 20 65 40
0030_0009_0049_0054_0033.jpg 1 9 49 54 33
0031_0035_0056_0054_0034.jpg 1 35 56 54 34
0032_0038_0053_0057_0035.jpg 1 38 53 57 35
0033_0006_0025_0052_0032.jpg 1 6 25 52 32
0034_0032_0057_0053_0033.jpg 1 32 57 53 33
0035_0019_0055_0049_0031.jpg 1 19 55 49 31
0036_0012_0007_0066_0041.jpg 1 12 7 66 41
0037_0029_0057_0057_0035.jpg 1 29 57 57 35
0038_0008_0021_0065_0040.jpg 1 8 21 65 40
0039_0013_0026_0066_0041.jpg 1 13 26 66 41
0040_0020_0014_0048_0030.jpg 1 20 14 48 30
0041_0026_0027_0063_0039.jpg 1 26 27 63 39
0042_0043_0013_0050_0031.jpg 1 43 13 50 31
0043_0033_0051_0048_0030.jpg 1 33 51 48 30
0044_0016_0043_0067_0042.jpg 1 16 43 67 42
0045_0008_0031_0063_0039.jpg 1 8 31 63 39
0046_0036_0057_0053_0033.jpg 1 36 57 53 33
0047_0029_0026_0056_0035.jpg 1 29 26 56 35
0048_0007_0057_0054_0033.jpg 1 7 57 54 33
0049_0010_0033_0066_0041.jpg 1 10 33 66 41
0050_0008_0014_0062_0039.jpg 1 8 14 62 39
0051_0024_0020_0050_0031.jpg 1 24 20 50 31
0052_0037_0058_0054_0033.jpg 1 37 58 54 33
0053_0027_0040_0066_0041.jpg 1 27 40 66 41
0054_0011_0020_0060_0037.jpg 1 11 20 60 37
0055_0007_0036_0064_0040.jpg 1 7 36 64 40
0056_0012_0008_0053_0033.jpg 1 12 8 53 33
0057_0027_0037_0057_0036.jpg 1 27 37 57 36
0058_0006_0035_0066_0041.jpg 1 6 35 66 41
0059_0023_0007_0066_0041.jpg 1 23 7 66 41
0060_0019_0051_0058_0036.jpg 1 19 51 58 36
0061_0027_0015_0051_0032.jpg 1 27 15 51 32
0062_0030_0031_0058_0036.jpg 1 30 31 58 36
0063_0025_0055_0050_0031.jpg 1 25 55 50 31
0064_0014_0046_0065_0041.jpg 1 14 46 65 41
0065_0030_0015_0063_0039.jpg 1 30 15 63 39
0066_0018_0042_0064_0040.jpg 1 18 42 64 40
0067_0016_0014_0065_0040.jpg 1 16 14 65 40
0068_0012_0058_0055_0034.jpg 1 12 58 55 34
0069_0032_0020_0056_0035.jpg 1 32 20 56 35
0070_0020_0032_0061_0038.jpg 1 20 32 61 38
0071_0032_0012_0054_0034.jpg 1 32 12 54 34
0072_0008_0035_0049_0031.jpg 1 8 35 49 31
0073_0027_0007_0064_0040.jpg 1 27 7 64 40
0074_0011_0044_0048_0030.jpg 1 11 44 48 30
0075_0021_0044_0055_0034.jpg 1 21 44 55 34
0076_0021_0015_0064_0040.jpg 1 21 15 64 40
0077_0034_0023_0054_0034.jpg 1 34 23 54 34
0078_0030_0033_0065_0040.jpg 1 30 33 65 40
0079_0030_0009_0048_0030.jpg 1 30 9 48 30
0080_0009_0010_0049_0031.jpg 1 9 10 49 31
0081_0028_0028_0049_0030.jpg 1 28 28 49 30
0082_0016_0014_0055_0034.jpg 1 16 14 55 34
0083_0044_0020_0050_0031.jpg 1 44 20 50 31
0084_0028_0024_0052_0033.jpg 1 28 24 52 33
0085_0008_0057_0048_0030.jpg 1 8 57 48 30
0086_0028_0011_0065_0041.jpg 1 28 11 65 41
0087_0013_0046_0059_0037.jpg 1 13 46 59 37
0088_0021_0009_0056_0035.jpg 1 21 9 56 35
0089_0021_0012_0066_0041.jpg 1 21 12 66 41
0090_0009_0043_0057_0036.jpg 1 9 43 57 36
0091_0005_0009_0056_0035.jpg 1 5 9 56 35
0092_0024_0008_0056_0035.jpg 1 24 8 56 35
0093_0040_0030_0048_0030.jpg 1 40 30 48 30
0094_0027_0023_0065_0040.jpg 1 27 23 65 40
0095_0024_0011_0050_0031.jpg 1 24 11 50 31
0096_0012_0048_0057_0035.jpg 1 12 48 57 35
0097_0025_0047_0062_0038.jpg 1 25 47 62 38
0098_0018_0026_0062_0039.jpg 1 18 26 62 39
0099_0021_0025_0064_0040.jpg 1 21 25 64 40
0100_0019_0044_0067_0041.jpg 1 19 44 67 41
0101_0027_0024_0057_0036.jpg 1 27 24 57 36
0102_0026_0053_0058_0036.jpg 1 26 53 58 36
0103_0015_0048_0052_0032.jpg 1 15 48 52 32
0104_0010_0006_0066_0041.jpg 1 10 6 66 41
0105_0039_0012_0049_0030.jpg 1 39 12 49 30
0106_0013_0009_0060_0037.jpg 1 13 9 60 37
0107_0019_0043_0067_0042.jpg 1 19 43 67 42
0108_0005_0029_0051_0032.jpg 1 5 29 51 32
0109_0017_0029_0063_0039.jpg 1 17 29 63 39
0110_0041_0008_0053_0033.jpg 1 41 8 53 33
0111_0024_0050_0052_0032.jpg 1 24 50 52 32
0112_0006_0035_0067_0041.jpg 1 6 35 67 41
0113_0008_0013_0053_0033.jpg 1 8 13 53 33
0114_0016_0041_0063_0039.jpg 1 16 41 63 39
0115_0016_0021_0060_0037.jpg 1 16 21 60 37
0116_0031_0015_0062_0039.jpg 1 31 15 62 39
0117_0004_0017_0053_0033.jpg 1 4 17 53 33
0118_0016_0054_0052_0032.jpg 1 16 54 52 32
0119_0022_0028_0063_0039.jpg 1 22 28 63 39
0120_0019_0051_0055_0034.jpg 1 19 51 55 34
0121_0026_0041_0049_0030.jpg 1 26 41 49 30
0122_0014_0041_0064_0040.jpg 1 14 41 64 40
0123_0041_0017_0051_0032.jpg 1 41 17 51 32
0124_0013_0039_0068_0043.jpg 1 13 39 68 43
0125_0022_0020_0053_0033.jpg 1 22 20 53 33
0126_0008_0049_0065_0041.jpg 1 8 49 65 41
0127_0040_0040_0054_0033.jpg 1 40 40 54 33
0128_0014_0013_0068_0042.jpg 1 14 13 68 42
