0001_0023_0008_0064_0040.jpg 1 23 8 64 40
0002_0029_0008_0051_0032.jpg 1 29 8 51 32
0003_0039_0039_0053_0033.jpg 1 39 39 53 33
0004_0027_0022_0055_0034.jpg 1 27 22 55 34
0005_0004_0040_0062_0038.jpg 1 4 40 62 38
0006_0019_0051_0062_0039.jpg 1 19 51 62 39
0007_0005_0025_0049_0031.jpg 1 5 25 49 31
0008_0021_0046_0068_0042.jpg 1 21 46 68 42
0009_0040_0024_0050_0031.jpg 1 40 24 50 31
0010_0025_0016_0065_0040.jpg 1 25 16 65 40
0011_0014_0012_0058_0036.jpg 1 14 12 58 36
0012_0006_0045_0059_0037.jpg 1 6 45 59 37
0013_0029_0022_0049_0031.jpg 1 29 22 49 31
0014_0026_0021_0050_0031.jpg 1 26 21 50 31
0015_0009_0042_0068_0042.jpg 1 9 42 68 42
0016_0028_0035_0053_0033.jpg 1 28 35 53 33
0017_0017_0048_0055_0034.jpg 1 17 48 55 34
0018_0005_0029_0067_0042.jpg 1 5 29 67 42
0019_0021_0045_0065_0040.jpg 1 21 45 65 40
0020_0024_0025_0059_0037.jpg 1 24 25 59 37
0021_0032_0041_0063_0039.jpg 1 32 41 63 39
0022_0037_0048_0049_0031.jpg 1 37 48 49 31
0023_0009_0032_0059_0037.jpg 1 9 32 59 37
0024_0021_0032_0059_0037.jpg 1 21 32 59 37
0025_0038_0043_0054_0034.jpg 1 38 43 54 34
0026_0020_0031_0064_0040.jpg 1 20 31 64 40
0027_0035_0060_0050_0031.jpg 1 35 60 50 31
0028_0010_0051_0050_0031.jpg 1 10 51 50 31
0029_0024_0006_0054_0034.jpg 1 24 6 54 34
0030_0030_0053_0053_0033.jpg 1 30 53 53 33
0031_0018_0009_0062_0039.jpg 1 18 9 62 39
0032_0008_0032_0064_0040.jpg 1 8 32 64 40
0033_0015_0047_0055_0034.jpg 1 15 47 55 34
0034_0023_0028_0068_0042.jpg 1 23 28 68 42
0035_0006_0030_0068_0042.jpg 1 6 30 68 42
0036_0023_0026_0065_0040.jpg 1 23 26 65 40
0037_0009_0019_0069_0043.jpg 1 9 19 69 43
0038_0030_0016_0058_0036.jpg 1 30 16 58 36
0039_0031_0033_0051_0032.jpg 1 31 33 51 32
0040_0014_0045_0057_0035.jpg 1 14 45 57 35
0041_0017_0023_0065_0040.jpg 1 17 23 65 40
0042_0033_0011_0057_0035.jpg 1 33 11 57 35
0043_0016_0023_0054_0034.jpg 1 16 23 54 34
0044_0022_0040_0067_0042.jpg 1 22 40 67 42
0045_0015_0016_0057_0036.jpg 1 15 16 57 36
0046_0021_0040_0064_0040.jpg 1 21 40 64 40
0047_0022_0032_0050_0031.jpg 1 22 32 50 31
0048_0007_0041_0062_0039.jpg 1 7 41 62 39
0049_0026_0019_0060_0037.jpg 1 26 19 60 37
0050_0045_0014_0049_0030.jpg 1 45 14 49 30
0051_0029_0008_0067_0042.jpg 1 29 8 67 42
0052_0011_0025_0062_0039.jpg 1 11 25 62 39
0053_0007_0028_0054_0034.jpg 1 7 28 54 34
0054_0023_0010_0057_0035.jpg 1 23 10 57 35
0055_0031_0052_0064_0040.jpg 1 31 52 64 40
0056_0016_0054_0062_0038.jpg 1 16 54 62 38
0057_0013_0031_0068_0042.jpg 1 13 31 68 42
0058_0008_0008_0063_0039.jpg 1 8 8 63 39
0059_0016_0038_0064_0040.jpg 1 16 38 64 40
0060_0020_0049_0061_0038.jpg 1 20 49 61 38
0061_0007_0028_0067_0042.jpg 1 7 28 67 42
0062_0017_0046_0057_0035.jpg 1 17 46 57 35
0063_0035_0034_0059_0037.jpg 1 35 34 59 37
0064_0021_0021_0068_0042.jpg 1 21 21 68 42
0065_0018_0010_0068_0042.jpg 1 18 10 68 42
0066_0008_0035_0069_0043.jpg 1 8 35 69 43
0067_0011_0048_0069_0043.jpg 1 11 48 69 43
0068_0037_0046_0049_0031.jpg 1 37 46 49 31
0069_0010_0025_0062_0038.jpg 1 10 25 62 38
0070_0012_0008_0063_0039.jpg 1 12 8 63 39
0071_0024_0024_0067_0042.jpg 1 24 24 67 42
0072_0037_0027_0052_0032.jpg 1 37 27 52 32
0073_0027_0033_0055_0034.jpg 1 27 33 55 34
0074_0020_0055_0057_0035.jpg 1 20 55 57 35
0075_0004_0021_0062_0039.jpg 1 4 21 62 39
0076_0020_0021_0064_0040.jpg 1 20 21 64 40
0077_0019_0016_0055_0034.jpg 1 19 16 55 34
0078_0043_0020_0050_0031.jpg 1 43 20 50 31
0079_0005_0038_0063_0039.jpg 1 5 38 63 39
0080_0027_0009_0069_0043.jpg 1 27 9 69 43
0081_0022_0056_0053_0033.jpg 1 22 56 53 33
0082_0008_0029_0064_0040.jpg 1 8 29 64 40
0083_0007_0011_0049_0031.jpg 1 7 11 49 31
0084_0030_0054_0051_0031.jpg 1 30 54 51 31
0085_0026_0008_0051_0032.jpg 1 26 8 51 32
0086_0005_0055_0057_0036.jpg 1 5 55 57 36
0087_0027_0056_0059_0037.jpg 1 27 56 59 37
0088_0023_0040_0055_0034.jpg 1 23 40 55 34
0089_0008_0013_0056_0035.jpg 1 8 13 56 35
0090_0006_0026_0053_0033.jpg 1 6 26 53 33
0091_0010_0024_0067_0042.jpg 1 10 24 67 42
0092_0030_0048_0066_0041.jpg 1 30 48 66 41
0093_0005_0036_0069_0043.jpg 1 5 36 69 43
0094_0037_0015_0052_0033.jpg 1 37 15 52 33
0095_0011_0023_0055_0034.jpg 1 11 23 55 34
0096_0022_0042_0065_0041.jpg 1 22 42 65 41
0097_0006_0025_0065_0040.jpg 1 6 25 65 40
0098_0023_0054_0048_0030.jpg 1 23 54 48 30
0099_0024_0039_0057_0035.jpg 1 24 39 57 35
0100_0005_0049_0053_0033.jpg 1 5 49 53 33
0101_0014_0055_0060_0037.jpg 1 14 55 60 37
0102_0027_0049_0061_0038.jpg 1 27 49 61 38
0103_0006_0044_0056_0035.jpg 1 6 44 56 35
0104_0015_0009_0062_0038.jpg 1 15 9 62 38
0105_0025_0030_0069_0043.jpg 1 25 30 69 43
0106_0003_0025_0064_0040.jpg 1 3 25 64 40
0107_0038_0046_0049_0031.jpg 1 38 46 49 31
0108_0024_0046_0069_0043.jpg 1 24 46 69 43
0109_0004_0009_0053_0033.jpg 1 4 9 53 33
0110_0010_0027_0056_0035.jpg 1 10 27 56 35
0111_0009_0014_0065_0041.jpg 1 9 14 65 41
0112_0032_0050_0063_0039.jpg 1 32 50 63 39
0113_0030_0054_0051_0031.jpg 1 30 54 51 31
0114_0007_0041_0064_0040.jpg 1 7 41 64 40
0115_0024_0012_0059_0037.jpg 1 24 12 59 37
0116_0029_0051_0061_0038.jpg 1 29 51 61 38
0117_0029_0020_0061_0038.jpg 1 29 20 61 38
0118_0015_0020_0055_0034.jpg 1 15 20 55 34
0119_0011_0041_0050_0031.jpg 1 11 41 50 31
0120_0007_0007_0054_0033.jpg 1 7 7 54 33
0121_0041_0016_0053_0033.jpg 1 41 16 53 33
0122_0007_0047_0060_0037.jpg 1 7 47 60 37
0123_0013_0039_0067_0042.jpg 1 13 39 67 42
0124_0008_0049_0055_0034.jpg 1 8 49 55 34
0125_0037_0047_0050_0031.jpg 1 37 47 50 31
0126_0017_0054_0056_0035.jpg 1 17 54 56 35
0127_0035_0020_0060_0037.jpg 1 35 20 60 37
0128_0023_0037_0057_0036.jpg 1 23 37 57 36
