0001_0009_0022_0053_0033.jpg 1 9 22 53 33
0002_0018_0045_0051_0032.jpg 1 18 45 51 32
0003_0032_0024_0048_0030.jpg 1 32 24 48 30
0004_0025_0031_0058_0036.jpg 1 25 31 58 36
0005_0020_0048_0061_0038.jpg 1 20 48 61 38
0006_0008_0045_0068_0043.jpg 1 8 45 68 43
0007_0017_0013_0049_0031.jpg 1 17 13 49 31
0008_0030_0058_0049_0031.jpg 1 30 58 49 31
0009_0005_0016_0053_0033.jpg 1 5 16 53 33
0010_0028_0041_0059_0037.jpg 1 28 41 59 37
0011_0012_0054_0054_0033.jpg 1 12 54 54 33
0012_0018_0034_0059_0036.jpg 1 18 34 59 36
0013_0009_0026_0065_0040.jpg 1 9 26 65 40
0014_0011_0041_0067_0042.jpg 1 11 41 67 42
0015_0004_0015_0062_0039.jpg 1 4 15 62 39
0016_0019_0046_0063_0039.jpg 1 19 46 63 39
0017_0007_0007_0069_0043.jpg 1 7 7 69 43
0018_0006_0015_0068_0043.jpg 1 6 15 68 43
0019_0014_0035_0061_0038.jpg 1 14 35 61 38
0020_0030_0009_0053_0033.jpg 1 30 9 53 33
0021_0017_0024_0063_0039.jpg 1 17 24 63 39
0022_0026_0012_0062_0039.jpg 1 26 12 62 39
0023_0029_0015_0058_0036.jpg 1 29 15 58 36
0024_0020_0010_0063_0039.jpg 1 20 10 63 39
0025_0014_0029_0048_0030.jpg 1 14 29 48 30
0026_0016_0050_0049_0030.jpg 1 16 50 49 30
0027_0025_0013_0065_0040.jpg 1 25 13 65 40
0028_0015_0011_0068_0042.jpg 1 15 11 68 42
0029_0006_0017_0056_0035.jpg 1 6 17 56 35
0030_0033_0040_0055_0034.jpg 1 33 40 55 34
0031_0033_0051_0058_0036.jpg 1 33 51 58 36
0032_0037_0060_0052_0032.jpg 1 37 60 52 32
0033_0020_0039_0056_0035.jpg 1 20 39 56 35
0034_0012_0034_0051_0032.jpg 1 12 34 51 32
0035_0011_0049_0059_0037.jpg 1 11 49 59 37
0036_0006_0043_0069_0043.jpg 1 6 43 69 43
0037_0007_0021_0060_0037.jpg 1 7 21 60 37
0038_0028_0026_0061_0038.jpg 1 28 26 61 38
0039_0024_0014_0052_0033.jpg 1 24 14 52 33
0040_0041_0030_0052_0032.jpg 1 41 30 52 32
0041_0026_0011_0060_0037.jpg 1 26 11 60 37
0042_0020_0041_0062_0039.jpg 1 20 41 62 39
0043_0011_0043_0057_0035.jpg 1 11 43 57 35
0044_0031_0048_0055_0034.jpg 1 31 48 55 34
0045_0039_0043_0055_0034.jpg 1 39 43 55 34
0046_0025_0049_0054_0033.jpg 1 25 49 54 33
0047_0030_0029_0063_0039.jpg 1 30 29 63 39
0048_0013_0040_0069_0043.jpg 1 13 40 69 43
0049_0021_0014_0061_0038.jpg 1 21 14 61 38
0050_0023_0023_0055_0034.jpg 1 23 23 55 34
0051_0031_0020_0050_0031.jpg 1 31 20 50 31
0052_0027_0027_0060_0038.jpg 1 27 27 60 38
0053_0009_0013_0067_0042.jpg 1 9 13 67 42
0054_0015_0057_0052_0032.jpg 1 15 57 52 32
0055_0012_0034_0066_0041.jpg 1 12 34 66 41
0056_0009_0041_0064_0040.jpg 1 9 41 64 40
0057_0010_0052_0054_0033.jpg 1 10 52 54 33
0058_0031_0015_0063_0039.jpg 1 31 15 63 39
0059_0003_0030_0069_0043.jpg 1 3 30 69 43
0060_0016_0037_0059_0037.jpg 1 16 37 59 37
0061_0004_0015_0064_0040.jpg 1 4 15 64 40
0062_0008_0034_0054_0033.jpg 1 8 34 54 33
0063_0038_0045_0055_0034.jpg 1 38 45 55 34
0064_0007_0034_0069_0043.jpg 1 7 34 69 43
0065_0005_0016_0064_0040.jpg 1 5 16 64 40
0066_0028_0007_0062_0039.jpg 1 28 7 62 39
0067_0040_0053_0051_0032.jpg 1 40 53 51 32
0068_0005_0040_0059_0036.jpg 1 5 40 59 36
0069_0029_0011_0057_0036.jpg 1 29 11 57 36
0070_0020_0042_0049_0031.jpg 1 20 42 49 31
0071_0033_0027_0055_0034.jpg 1 33 27 55 34
0072_0024_0031_0052_0032.jpg 1 24 31 52 32
0073_0036_0058_0051_0032.jpg 1 36 58 51 32
0074_0030_0039_0063_0039.jpg 1 30 39 63 39
0075_0032_0046_0056_0035.jpg 1 32 46 56 35
0076_0010_0037_0052_0032.jpg 1 10 37 52 32
0077_0004_0047_0068_0043.jpg 1 4 47 68 43
0078_0027_0045_0069_0043.jpg 1 27 45 69 43
0079_0029_0052_0049_0030.jpg 1 29 52 49 30
0080_0017_0022_0068_0042.jpg 1 17 22 68 42
0081_0029_0055_0049_0031.jpg 1 29 55 49 31
0082_0013_0047_0062_0039.jpg 1 13 47 62 39
0083_0043_0021_0051_0031.jpg 1 43 21 51 31
0084_0021_0013_0058_0036.jpg 1 21 13 58 36
0085_0019_0050_0057_0035.jpg 1 19 50 57 35
0086_0015_0044_0048_0030.jpg 1 15 44 48 30
0087_0005_0009_0068_0042.jpg 1 5 9 68 42
0088_0004_0035_0064_0040.jpg 1 4 35 64 40
0089_0020_0014_0067_0042.jpg 1 20 14 67 42
0090_0036_0028_0051_0032.jpg 1 36 28 51 32
0091_0012_0016_0052_0032.jpg 1 12 16 52 32
0092_0027_0045_0066_0041.jpg 1 27 45 66 41
0093_0036_0039_0058_0036.jpg 1 36 39 58 36
0094_0032_0050_0060_0037.jpg 1 32 50 60 37
0095_0011_0015_0062_0039.jpg 1 11 15 62 39
0096_0009_0030_0058_0036.jpg 1 9 30 58 36
0097_0030_0023_0057_0036.jpg 1 30 23 57 36
0098_0028_0029_0058_0036.jpg 1 28 29 58 36
0099_0018_0031_0066_0041.jpg 1 18 31 66 41
0100_0004_0019_0057_0035.jpg 1 4 19 57 35
0101_0019_0006_0061_0038.jpg 1 19 6 61 38
0102_0007_0043_0060_0037.jpg 1 7 43 60 37
0103_0031_0055_0050_0031.jpg 1 31 55 50 31
0104_0036_0053_0048_0030.jpg 1 36 53 48 30
0105_0011_0033_0065_0040.jpg 1 11 33 65 40
0106_0006_0049_0057_0036.jpg 1 6 49 57 36
0107_0010_0032_0062_0039.jpg 1 10 32 62 39
0108_0028_0023_0064_0040.jpg 1 28 23 64 40
0109_0039_0025_0049_0030.jpg 1 39 25 49 30
0110_0037_0055_0055_0034.jpg 1 37 55 55 34
0111_0022_0054_0051_0032.jpg 1 22 54 51 32
0112_0013_0037_0065_0040.jpg 1 13 37 65 40
0113_0031_0018_0052_0032.jpg 1 31 18 52 32
0114_0027_0027_0055_0034.jpg 1 27 27 55 34
0115_0005_0015_0052_0033.jpg 1 5 15 52 33
0116_0010_0048_0069_0043.jpg 1 10 48 69 43
0117_0012_0028_0048_0030.jpg 1 12 28 48 30
0118_0025_0020_0049_0030.jpg 1 25 20 49 30
0119_0034_0032_0054_0034.jpg 1 34 32 54 34
0120_0017_0043_0055_0034.jpg 1 17 43 55 34
0121_0019_0053_0053_0033.jpg 1 19 53 53 33
0122_0011_0049_0058_0036.jpg 1 11 49 58 36
0123_0024_0050_0052_0032.jpg 1 24 50 52 32
0124_0034_0048_0053_0033.jpg 1 34 48 53 33
0125_0017_0007_0059_0036.jpg 1 17 7 59 36
0126_0006_0010_0068_0042.jpg 1 6 10 68 42
0127_0010_0053_0064_0040.jpg 1 10 53 64 40
0128_0010_0020_0063_0039.jpg 1 10 20 63 39
