0001_0020_0056_0054_0033.jpg 1 20 56 54 33
0002_0022_0027_0061_0038.jpg 1 22 27 61 38
0003_0022_0044_0064_0040.jpg 1 22 44 64 40
0004_0010_0014_0060_0038.jpg 1 10 14 60 38
0005_0018_0018_0059_0037.jpg 1 18 18 59 37
0006_0008_0048_0061_0038.jpg 1 8 48 61 38
0007_0017_0045_0055_0034.jpg 1 17 45 55 34
0008_0036_0034_0049_0031.jpg 1 36 34 49 31
0009_0007_0042_0059_0037.jpg 1 7 42 59 37
0010_0024_0027_0069_0043.jpg 1 24 27 69 43
0011_0011_0010_0057_0035.jpg 1 11 10 57 35
0012_0010_0017_0064_0040.jpg 1 10 17 64 40
0013_0006_0021_0067_0041.jpg 1 6 21 67 41
0014_0019_0053_0054_0034.jpg 1 19 53 54 34
0015_0021_0034_0055_0034.jpg 1 21 34 55 34
0016_0030_0006_0062_0039.jpg 1 30 6 62 39
0017_0004_0038_0060_0037.jpg 1 4 38 60 37
0018_0009_0045_0064_0040.jpg 1 9 45 64 40
0019_0013_0059_0048_0030.jpg 1 13 59 48 30
0020_0013_0057_0051_0032.jpg 1 13 57 51 32
0021_0005_0026_0052_0032.jpg 1 5 26 52 32
0022_0021_0023_0049_0030.jpg 1 21 23 49 30
0023_0005_0007_0068_0042.jpg 1 5 7 68 42
0024_0039_0039_0049_0030.jpg 1 39 39 49 30
0025_0009_0031_0062_0039.jpg 1 9 31 62 39
0026_0005_0029_0057_0036.jpg 1 5 29 57 36
0027_0013_0010_0065_0040.jpg 1 13 10 65 40
0028_0022_0048_0048_0030.jpg 1 22 48 48 30
0029_0043_0038_0049_0030.jpg 1 43 38 49 30
0030_0018_0018_0050_0031.jpg 1 18 18 50 31
0031_0007_0012_0063_0039.jpg 1 7 12 63 39
0032_0005_0009_0056_0035.jpg 1 5 9 56 35
0033_0023_0008_0062_0039.jpg 1 23 8 62 39
0034_0027_0014_0056_0035.jpg 1 27 14 56 35
0035_0029_0030_0061_0038.jpg 1 29 30 61 38
0036_0018_0023_0067_0042.jpg 1 18 23 67 42
0037_0015_0022_0069_0043.jpg 1 15 22 69 43
0038_0040_0025_0054_0033.jpg 1 40 25 54 33
0039_0009_0037_0065_0040.jpg 1 9 37 65 40
0040_0032_0018_0058_0036.jpg 1 32 18 58 36
0041_0019_0023_0064_0040.jpg 1 19 23 64 40
0042_0012_0007_0050_0031.jpg 1 12 7 50 31
0043_0014_0026_0057_0035.jpg 1 14 26 57 35
0044_0013_0030_0048_0030.jpg 1 13 30 48 30
0045_0014_0052_0064_0040.jpg 1 14 52 64 40
0046_0007_0024_0067_0042.jpg 1 7 24 67 42
0047_0005_0049_0051_0032.jpg 1 5 49 51 32
0048_0039_0036_0050_0031.jpg 1 39 36 50 31
0049_0024_0028_0068_0042.jpg 1 24 28 68 42
0050_0012_0058_0049_0030.jpg 1 12 58 49 30
0051_0037_0051_0054_0033.jpg 1 37 51 54 33
0052_0011_0048_0058_0036.jpg 1 11 48 58 36
0053_0011_0023_0068_0042.jpg 1 11 23 68 42
0054_0017_0039_0058_0036.jpg 1 17 39 58 36
0055_0036_0033_0051_0032.jpg 1 36 33 51 32
0056_0007_0037_0060_0038.jpg 1 7 37 60 38
0057_0022_0041_0054_0034.jpg 1 22 41 54 34
0058_0006_0036_0067_0042.jpg 1 6 36 67 42
0059_0025_0048_0069_0043.jpg 1 25 48 69 43
0060_0008_0041_0064_0040.jpg 1 8 41 64 40
0061_0018_0034_0066_0041.jpg 1 18 34 66 41
0062_0025_0055_0051_0032.jpg 1 25 55 51 32
0063_0020_0032_0067_0042.jpg 1 20 32 67 42
0064_0008_0031_0058_0036.jpg 1 8 31 58 36
0065_0017_0022_0058_0036.jpg 1 17 22 58 36
0066_0026_0012_0062_0039.jpg 1 26 12 62 39
0067_0025_0034_0065_0041.jpg 1 25 34 65 41
0068_0024_0047_0064_0040.jpg 1 24 47 64 40
0069_0009_0008_0064_0040.jpg 1 9 8 64 40
0070_0034_0010_0050_0031.jpg 1 34 10 50 31
0071_0025_0013_0066_0041.jpg 1 25 13 66 41
0072_0032_0041_0061_0038.jpg 1 32 41 61 38
0073_0023_0036_0053_0033.jpg 1 23 36 53 33
0074_0009_0006_0066_0041.jpg 1 9 6 66 41
0075_0023_0041_0058_0036.jpg 1 23 41 58 36
0076_0015_0011_0048_0030.jpg 1 15 11 48 30
0077_0036_0010_0054_0034.jpg 1 36 10 54 34
0078_0011_0031_0063_0039.jpg 1 11 31 63 39
0079_0010_0051_0059_0036.jpg 1 10 51 59 36
0080_0029_0007_0054_0034.jpg 1 29 7 54 34
0081_0029_0026_0064_0040.jpg 1 29 26 64 40
0082_0031_0036_0064_0040.jpg 1 31 36 64 40
0083_0006_0010_0062_0038.jpg 1 6 10 62 38
0084_0027_0054_0051_0032.jpg 1 27 54 51 32
0085_0017_0035_0051_0032.jpg 1 17 35 51 32
0086_0029_0026_0053_0033.jpg 1 29 26 53 33
0087_0009_0014_0064_0040.jpg 1 9 14 64 40
0088_0006_0043_0059_0037.jpg 1 6 43 59 37
0089_0006_0040_0053_0033.jpg 1 6 40 53 33
0090_0009_0044_0065_0040.jpg 1 9 44 65 40
0091_0037_0019_0048_0030.jpg 1 37 19 48 30
0092_0032_0020_0061_0038.jpg 1 32 20 61 38
0093_0025_0042_0061_0038.jpg 1 25 42 61 38
0094_0015_0042_0069_0043.jpg 1 15 42 69 43
0095_0010_0023_0069_0043.jpg 1 10 23 69 43
0096_0005_0045_0057_0035.jpg 1 5 45 57 35
0097_0009_0036_0069_0043.jpg 1 9 36 69 43
0098_0027_0046_0048_0030.jpg 1 27 46 48 30
0099_0025_0011_0067_0042.jpg 1 25 11 67 42
0100_0016_0052_0055_0034.jpg 1 16 52 55 34
0101_0032_0052_0064_0040.jpg 1 32 52 64 40
0102_0016_0016_0068_0042.jpg 1 16 16 68 42
0103_0034_0053_0061_0038.jpg 1 34 53 61 38
0104_0042_0020_0050_0031.jpg 1 42 20 50 31
0105_0025_0027_0050_0031.jpg 1 25 27 50 31
0106_0023_0041_0048_0030.jpg 1 23 41 48 30
0107_0023_0016_0054_0034.jpg 1 23 16 54 34
0108_0016_0012_0051_0032.jpg 1 16 12 51 32
0109_0005_0025_0065_0041.jpg 1 5 25 65 41
0110_0009_0007_0061_0038.jpg 1 9 7 61 38
0111_0046_0019_0048_0030.jpg 1 46 19 48 30
0112_0026_0008_0053_0033.jpg 1 26 8 53 33
0113_0033_0026_0055_0034.jpg 1 33 26 55 34
0114_0005_0039_0059_0037.jpg 1 5 39 59 37
0115_0016_0014_0058_0036.jpg 1 16 14 58 36
0116_0015_0029_0062_0039.jpg 1 15 29 62 39
0117_0038_0034_0055_0034.jpg 1 38 34 55 34
0118_0029_0027_0064_0040.jpg 1 29 27 64 40
0119_0023_0040_0058_0036.jpg 1 23 40 58 36
0120_0027_0051_0062_0039.jpg 1 27 51 62 39
0121_0008_0015_0050_0031.jpg 1 8 15 50 31
0122_0026_0042_0064_0040.jpg 1 26 42 64 40
0123_0029_0031_0057_0036.jpg 1 29 31 57 36
0124_0036_0035_0050_0031.jpg 1 36 35 50 31
0125_0026_0036_0069_0043.jpg 1 26 36 69 43
0126_0004_0012_0066_0041.jpg 1 4 12 66 41
0127_0010_0045_0048_0030.jpg 1 10 45 48 30
0128_0029_0036_0065_0040.jpg 1 29 36 65 40
0129_0041_0009_0054_0034.jpg 1 41 9 54 34
0130_0012_0026_0051_0032.jpg 1 12 26 51 32
0131_0031_0049_0060_0037.jpg 1 31 49 60 37
0132_0020_0027_0053_0033.jpg 1 20 27 53 33
0133_0040_0036_0051_0032.jpg 1 40 36 51 32
0134_0039_0019_0051_0031.jpg 1 39 19 51 31
0135_0016_0017_0059_0037.jpg 1 16 17 59 37
0136_0021_0040_0068_0043.jpg 1 21 40 68 43
0137_0027_0047_0069_0043.jpg 1 27 47 69 43
0138_0014_0048_0061_0038.jpg 1 14 48 61 38
0139_0041_0032_0053_0033.jpg 1 41 32 53 33
0140_0026_0036_0060_0038.jpg 1 26 36 60 38
0141_0020_0037_0061_0038.jpg 1 20 37 61 38
0142_0003_0046_0067_0042.jpg 1 3 46 67 42
0143_0014_0015_0055_0034.jpg 1 14 15 55 34
0144_0023_0017_0061_0038.jpg 1 23 17 61 38
0145_0033_0044_0051_0031.jpg 1 33 44 51 31
0146_0021_0019_0050_0031.jpg 1 21 19 50 31
0147_0012_0031_0057_0035.jpg 1 12 31 57 35
0148_0026_0026_0059_0037.jpg 1 26 26 59 37
0149_0020_0018_0054_0034.jpg 1 20 18 54 34
0150_0021_0011_0069_0043.jpg 1 21 11 69 43
0151_0018_0035_0066_0041.jpg 1 18 35 66 41
0152_0026_0012_0065_0041.jpg 1 26 12 65 41
0153_0014_0048_0067_0042.jpg 1 14 48 67 42
0154_0026_0059_0052_0032.jpg 1 26 59 52 32
0155_0025_0054_0048_0030.jpg 1 25 54 48 30
0156_0007_0008_0069_0043.jpg 1 7 8 69 43
0157_0010_0041_0069_0043.jpg 1 10 41 69 43
0158_0020_0011_0069_0043.jpg 1 20 11 69 43
0159_0007_0042_0065_0040.jpg 1 7 42 65 40
0160_0022_0021_0061_0038.jpg 1 22 21 61 38
0161_0011_0036_0059_0037.jpg 1 11 36 59 37
0162_0004_0049_0065_0040.jpg 1 4 49 65 40
0163_0030_0044_0062_0038.jpg 1 30 44 62 38
0164_0025_0045_0061_0038.jpg 1 25 45 61 38
0165_0016_0055_0052_0033.jpg 1 16 55 52 33
0166_0007_0038_0061_0038.jpg 1 7 38 61 38
0167_0023_0037_0066_0041.jpg 1 23 37 66 41
0168_0007_0008_0062_0038.jpg 1 7 8 62 38
0169_0015_0034_0057_0036.jpg 1 15 34 57 36
0170_0012_0012_0061_0038.jpg 1 12 12 61 38
0171_0017_0051_0066_0041.jpg 1 17 51 66 41
0172_0021_0046_0052_0033.jpg 1 21 46 52 33
0173_0013_0041_0061_0038.jpg 1 13 41 61 38
0174_0037_0009_0055_0034.jpg 1 37 9 55 34
0175_0019_0037_0068_0042.jpg 1 19 37 68 42
0176_0025_0037_0064_0040.jpg 1 25 37 64 40
0177_0026_0033_0063_0039.jpg 1 26 33 63 39
0178_0005_0020_0063_0039.jpg 1 5 20 63 39
0179_0040_0052_0050_0031.jpg 1 40 52 50 31
0180_0008_0049_0068_0042.jpg 1 8 49 68 42
0181_0025_0042_0051_0032.jpg 1 25 42 51 32
0182_0017_0009_0051_0032.jpg 1 17 9 51 32
0183_0028_0042_0059_0037.jpg 1 28 42 59 37
0184_0018_0013_0056_0035.jpg 1 18 13 56 35
0185_0018_0051_0062_0038.jpg 1 18 51 62 38
0186_0012_0036_0063_0039.jpg 1 12 36 63 39
0187_0018_0025_0060_0037.jpg 1 18 25 60 37
0188_0010_0027_0068_0043.jpg 1 10 27 68 43
0189_0022_0042_0048_0030.jpg 1 22 42 48 30
0190_0036_0022_0051_0031.jpg 1 36 22 51 31
0191_0007_0017_0058_0036.jpg 1 7 17 58 36
0192_0014_0017_0048_0030.jpg 1 14 17 48 30
0193_0021_0036_0060_0038.jpg 1 21 36 60 38
0194_0023_0007_0068_0042.jpg 1 23 7 68 42
0195_0021_0031_0067_0042.jpg 1 21 31 67 42
0196_0014_0039_0057_0035.jpg 1 14 39 57 35
0197_0023_0030_0062_0039.jpg 1 23 30 62 39
0198_0027_0047_0066_0041.jpg 1 27 47 66 41
0199_0017_0009_0055_0034.jpg 1 17 9 55 34
0200_0013_0007_0048_0030.jpg 1 13 7 48 30
0201_0028_0007_0067_0041.jpg 1 28 7 67 41
0202_0023_0020_0057_0035.jpg 1 23 20 57 35
0203_0020_0034_0069_0043.jpg 1 20 34 69 43
0204_0016_0050_0061_0038.jpg 1 16 50 61 38
0205_0010_0050_0059_0037.jpg 1 10 50 59 37
0206_0012_0038_0060_0037.jpg 1 12 38 60 37
0207_0033_0038_0051_0032.jpg 1 33 38 51 32
0208_0023_0015_0059_0037.jpg 1 23 15 59 37
0209_0034_0014_0050_0031.jpg 1 34 14 50 31
0210_0013_0031_0051_0032.jpg 1 13 31 51 32
0211_0023_0037_0066_0041.jpg 1 23 37 66 41
0212_0007_0012_0067_0042.jpg 1 7 12 67 42
0213_0019_0051_0051_0032.jpg 1 19 51 51 32
0214_0017_0025_0050_0031.jpg 1 17 25 50 31
0215_0018_0055_0061_0038.jpg 1 18 55 61 38
0216_0006_0010_0060_0037.jpg 1 6 10 60 37
0217_0030_0045_0056_0035.jpg 1 30 45 56 35
0218_0008_0026_0062_0039.jpg 1 8 26 62 39
0219_0031_0045_0057_0035.jpg 1 31 45 57 35
0220_0039_0013_0054_0033.jpg 1 39 13 54 33
0221_0021_0028_0052_0032.jpg 1 21 28 52 32
0222_0008_0055_0053_0033.jpg 1 8 55 53 33
0223_0008_0011_0069_0043.jpg 1 8 11 69 43
0224_0015_0038_0066_0041.jpg 1 15 38 66 41
0225_0028_0052_0063_0039.jpg 1 28 52 63 39
0226_0020_0048_0048_0030.jpg 1 20 48 48 30
0227_0014_0044_0066_0041.jpg 1 14 44 66 41
0228_0004_0023_0064_0040.jpg 1 4 23 64 40
0229_0004_0052_0066_0041.jpg 1 4 52 66 41
0230_0009_0055_0053_0033.jpg 1 9 55 53 33
0231_0006_0043_0067_0042.jpg 1 6 43 67 42
0232_0035_0040_0050_0031.jpg 1 35 40 50 31
0233_0020_0018_0062_0039.jpg 1 20 18 62 39
0234_0005_0031_0059_0036.jpg 1 5 31 59 36
0235_0007_0011_0058_0036.jpg 1 7 11 58 36
0236_0023_0017_0049_0030.jpg 1 23 17 49 30
0237_0022_0052_0057_0036.jpg 1 22 52 57 36
0238_0028_0010_0065_0040.jpg 1 28 10 65 40
0239_0019_0019_0066_0041.jpg 1 19 19 66 41
0240_0033_0035_0060_0038.jpg 1 33 35 60 38
0241_0024_0034_0065_0040.jpg 1 24 34 65 40
0242_0017_0049_0053_0033.jpg 1 17 49 53 33
0243_0022_0045_0063_0039.jpg 1 22 45 63 39
0244_0008_0059_0050_0031.jpg 1 8 59 50 31
0245_0035_0044_0059_0037.jpg 1 35 44 59 37
0246_0035_0048_0049_0031.jpg 1 35 48 49 31
0247_0044_0044_0049_0030.jpg 1 44 44 49 30
0248_0009_0052_0055_0034.jpg 1 9 52 55 34
0249_0031_0052_0062_0038.jpg 1 31 52 62 38
0250_0005_0015_0069_0043.jpg 1 5 15 69 43
0251_0017_0006_0065_0041.jpg 1 17 6 65 41
0252_0027_0028_0062_0039.jpg 1 27 28 62 39
0253_0025_0019_0064_0040.jpg 1 25 19 64 40
0254_0007_0015_0051_0032.jpg 1 7 15 51 32
0255_0035_0053_0055_0034.jpg 1 35 53 55 34
0256_0016_0034_0050_0031.jpg 1 16 34 50 31
