0001_0025_0017_0054_0034.jpg 1 25 17 54 34
0002_0035_0036_0049_0030.jpg 1 35 36 49 30
0003_0033_0019_0059_0037.jpg 1 33 19 59 37
0004_0022_0051_0064_0040.jpg 1 22 51 64 40
0005_0029_0057_0056_0035.jpg 1 29 57 56 35
0006_0005_0048_0053_0033.jpg 1 5 48 53 33
0007_0010_0009_0056_0035.jpg 1 10 9 56 35
0008_0006_0039_0066_0041.jpg 1 6 39 66 41
0009_0018_0059_0052_0032.jpg 1 18 59 52 32
0010_0039_0021_0055_0034.jpg 1 39 21 55 34
0011_0014_0031_0069_0043.jpg 1 14 31 69 43
0012_0005_0013_0060_0038.jpg 1 5 13 60 38
0013_0017_0039_0054_0034.jpg 1 17 39 54 34
0014_0040_0026_0053_0033.jpg 1 40 26 53 33
0015_0020_0016_0064_0040.jpg 1 20 16 64 40
0016_0009_0032_0065_0041.jpg 1 9 32 65 41
0017_0022_0037_0061_0038.jpg 1 22 37 61 38
0018_0035_0030_0060_0038.jpg 1 35 30 60 38
0019_0004_0025_0055_0034.jpg 1 4 25 55 34
0020_0011_0006_0064_0040.jpg 1 11 6 64 40
0021_0016_0017_0050_0031.jpg 1 16 17 50 31
0022_0041_0046_0050_0031.jpg 1 41 46 50 31
0023_0013_0019_0059_0037.jpg 1 13 19 59 37
0024_0039_0052_0053_0033.jpg 1 39 52 53 33
0025_0024_0014_0053_0033.jpg 1 24 14 53 33
0026_0005_0050_0068_0042.jpg 1 5 50 68 42
0027_0025_0033_0061_0038.jpg 1 25 33 61 38
0028_0022_0046_0069_0043.jpg 1 22 46 69 43
0029_0020_0048_0058_0036.jpg 1 20 48 58 36
0030_0011_0016_0052_0032.jpg 1 11 16 52 32
0031_0012_0051_0052_0032.jpg 1 12 51 52 32
0032_0040_0046_0049_0031.jpg 1 40 46 49 31
0033_0019_0042_0051_0031.jpg 1 19 42 51 31
0034_0030_0041_0053_0033.jpg 1 30 41 53 33
0035_0027_0040_0054_0034.jpg 1 27 40 54 34
0036_0020_0027_0061_0038.jpg 1 20 27 61 38
0037_0018_0034_0048_0030.jpg 1 18 34 48 30
0038_0015_0032_0053_0033.jpg 1 15 32 53 33
0039_0014_0014_0067_0041.jpg 1 14 14 67 41
0040_0010_0042_0068_0042.jpg 1 10 42 68 42
0041_0011_0036_0069_0043.jpg 1 11 36 69 43
0042_0029_0046_0066_0041.jpg 1 29 46 66 41
0043_0017_0029_0068_0042.jpg 1 17 29 68 42
0044_0033_0032_0055_0034.jpg 1 33 32 55 34
0045_0023_0040_0058_0036.jpg 1 23 40 58 36
0046_0012_0007_0067_0042.jpg 1 12 7 67 42
0047_0009_0015_0062_0039.jpg 1 9 15 62 39
0048_0019_0058_0057_0035.jpg 1 19 58 57 35
0049_0024_0052_0048_0030.jpg 1 24 52 48 30
0050_0008_0017_0059_0037.jpg 1 8 17 59 37
0051_0035_0024_0055_0034.jpg 1 35 24 55 34
0052_0008_0050_0061_0038.jpg 1 8 50 61 38
0053_0043_0053_0051_0032.jpg 1 43 53 51 32
0054_0017_0020_0068_0042.jpg 1 17 20 68 42
0055_0012_0022_0060_0037.jpg 1 12 22 60 37
0056_0004_0019_0062_0038.jpg 1 4 19 62 38
0057_0031_0052_0051_0032.jpg 1 31 52 51 32
0058_0023_0017_0053_0033.jpg 1 23 17 53 33
0059_0012_0048_0048_0030.jpg 1 12 48 48 30
0060_0009_0013_0052_0032.jpg 1 9 13 52 32
0061_0037_0030_0053_0033.jpg 1 37 30 53 33
0062_0025_0048_0048_0030.jpg 1 25 48 48 30
0063_0007_0029_0051_0032.jpg 1 7 29 51 32
0064_0010_0039_0048_0030.jpg 1 10 39 48 30
0065_0014_0028_0058_0036.jpg 1 14 28 58 36
0066_0008_0012_0053_0033.jpg 1 8 12 53 33
0067_0020_0028_0056_0035.jpg 1 20 28 56 35
0068_0026_0032_0049_0030.jpg 1 26 32 49 30
0069_0024_0030_0068_0042.jpg 1 24 30 68 42
0070_0013_0031_0049_0031.jpg 1 13 31 49 31
0071_0013_0017_0056_0035.jpg 1 13 17 56 35
0072_0017_0040_0064_0040.jpg 1 17 40 64 40
0073_0011_0022_0058_0036.jpg 1 11 22 58 36
0074_0035_0022_0057_0036.jpg 1 35 22 57 36
0075_0011_0030_0063_0039.jpg 1 11 30 63 39
0076_0006_0044_0068_0042.jpg 1 6 44 68 42
0077_0006_0040_0068_0042.jpg 1 6 40 68 42
0078_0015_0050_0051_0032.jpg 1 15 50 51 32
0079_0017_0010_0062_0039.jpg 1 17 10 62 39
0080_0038_0038_0051_0032.jpg 1 38 38 51 32
0081_0005_0007_0062_0038.jpg 1 5 7 62 38
0082_0004_0032_0063_0039.jpg 1 4 32 63 39
0083_0016_0018_0069_0043.jpg 1 16 18 69 43
0084_0037_0027_0054_0034.jpg 1 37 27 54 34
0085_0019_0011_0061_0038.jpg 1 19 11 61 38
0086_0025_0025_0059_0037.jpg 1 25 25 59 37
0087_0028_0008_0059_0037.jpg 1 28 8 59 37
0088_0038_0036_0049_0030.jpg 1 38 36 49 30
0089_0012_0027_0057_0036.jpg 1 12 27 57 36
0090_0032_0046_0062_0039.jpg 1 32 46 62 39
0091_0032_0041_0051_0032.jpg 1 32 41 51 32
0092_0020_0039_0054_0034.jpg 1 20 39 54 34
0093_0013_0041_0063_0039.jpg 1 13 41 63 39
0094_0041_0052_0050_0031.jpg 1 41 52 50 31
0095_0015_0048_0054_0033.jpg 1 15 48 54 33
0096_0025_0044_0055_0034.jpg 1 25 44 55 34
0097_0018_0008_0054_0034.jpg 1 18 8 54 34
0098_0017_0017_0051_0032.jpg 1 17 17 51 32
0099_0030_0020_0055_0034.jpg 1 30 20 55 34
0100_0022_0027_0069_0043.jpg 1 22 27 69 43
0101_0009_0047_0053_0033.jpg 1 9 47 53 33
0102_0018_0024_0060_0038.jpg 1 18 24 60 38
0103_0014_0053_0058_0036.jpg 1 14 53 58 36
0104_0028_0047_0051_0032.jpg 1 28 47 51 32
0105_0008_0052_0054_0034.jpg 1 8 52 54 34
0106_0020_0027_0060_0037.jpg 1 20 27 60 37
0107_0009_0046_0067_0042.jpg 1 9 46 67 42
0108_0031_0014_0064_0040.jpg 1 31 14 64 40
0109_0006_0038_0052_0032.jpg 1 6 38 52 32
0110_0015_0007_0069_0043.jpg 1 15 7 69 43
0111_0025_0027_0063_0039.jpg 1 25 27 63 39
0112_0016_0017_0063_0039.jpg 1 16 17 63 39
0113_0026_0007_0068_0043.jpg 1 26 7 68 43
0114_0013_0041_0057_0036.jpg 1 13 41 57 36
0115_0021_0036_0061_0038.jpg 1 21 36 61 38
0116_0012_0049_0053_0033.jpg 1 12 49 53 33
0117_0026_0033_0049_0031.jpg 1 26 33 49 31
0118_0030_0041_0064_0040.jpg 1 30 41 64 40
0119_0010_0041_0056_0035.jpg 1 10 41 56 35
0120_0029_0046_0062_0039.jpg 1 29 46 62 39
0121_0013_0056_0057_0036.jpg 1 13 56 57 36
0122_0032_0048_0058_0036.jpg 1 32 48 58 36
0123_0005_0018_0053_0033.jpg 1 5 18 53 33
0124_0006_0035_0067_0041.jpg 1 6 35 67 41
0125_0039_0046_0048_0030.jpg 1 39 46 48 30
0126_0003_0016_0069_0043.jpg 1 3 16 69 43
0127_0016_0010_0054_0033.jpg 1 16 10 54 33
0128_0025_0051_0068_0042.jpg 1 25 51 68 42
