0001_0010_0033_0065_0040.jpg 1 10 33 65 40
0002_0021_0010_0050_0031.jpg 1 21 10 50 31
0003_0045_0031_0048_0030.jpg 1 45 31 48 30
0004_0019_0038_0052_0033.jpg 1 19 38 52 33
0005_0008_0014_0059_0036.jpg 1 8 14 59 36
0006_0006_0025_0065_0040.jpg 1 6 25 65 40
0007_0023_0007_0065_0040.jpg 1 23 7 65 40
0008_0016_0042_0053_0033.jpg 1 16 42 53 33
0009_0027_0047_0051_0032.jpg 1 27 47 51 32
0010_0037_0010_0050_0031.jpg 1 37 10 50 31
0011_0033_0031_0061_0038.jpg 1 33 31 61 38
0012_0018_0030_0054_0034.jpg 1 18 30 54 34
0013_0013_0038_0060_0038.jpg 1 13 38 60 38
0014_0010_0057_0051_0032.jpg 1 10 57 51 32
0015_0019_0017_0055_0034.jpg 1 19 17 55 34
0016_0022_0041_0065_0040.jpg 1 22 41 65 40
0017_0031_0009_0058_0036.jpg 1 31 9 58 36
0018_0016_0007_0069_0043.jpg 1 16 7 69 43
0019_0020_0013_0067_0042.jpg 1 20 13 67 42
0020_0009_0038_0067_0042.jpg 1 9 38 67 42
0021_0030_0007_0048_0030.jpg 1 30 7 48 30
0022_0014_0045_0067_0042.jpg 1 14 45 67 42
0023_0032_0047_0063_0039.jpg 1 32 47 63 39
0024_0022_0043_0057_0036.jpg 1 22 43 57 36
0025_0032_0033_0050_0031.jpg 1 32 33 50 31
0026_0034_0054_0060_0038.jpg 1 34 54 60 38
0027_0027_0008_0064_0040.jpg 1 27 8 64 40
0028_0025_0035_0066_0041.jpg 1 25 35 66 41
0029_0004_0025_0069_0043.jpg 1 4 25 69 43
0030_0004_0027_0068_0042.jpg 1 4 27 68 42
0031_0041_0027_0050_0031.jpg 1 41 27 50 31
0032_0011_0046_0053_0033.jpg 1 11 46 53 33
0033_0010_0015_0058_0036.jpg 1 10 15 58 36
0034_0027_0010_0065_0040.jpg 1 27 10 65 40
0035_0017_0038_0068_0042.jpg 1 17 38 68 42
0036_0023_0019_0065_0040.jpg 1 23 19 65 40
0037_0026_0013_0068_0042.jpg 1 26 13 68 42
0038_0025_0008_0055_0034.jpg 1 25 8 55 34
0039_0012_0023_0064_0040.jpg 1 12 23 64 40
0040_0027_0016_0052_0032.jpg 1 27 16 52 32
0041_0024_0030_0060_0037.jpg 1 24 30 60 37
0042_0009_0016_0064_0040.jpg 1 9 16 64 40
0043_0007_0039_0051_0032.jpg 1 7 39 51 32
0044_0014_0018_0061_0038.jpg 1 14 18 61 38
0045_0022_0014_0059_0036.jpg 1 22 14 59 36
0046_0019_0042_0055_0034.jpg 1 19 42 55 34
0047_0013_0021_0057_0035.jpg 1 13 21 57 35
0048_0027_0015_0056_0035.jpg 1 27 15 56 35
0049_0022_0012_0054_0034.jpg 1 22 12 54 34
0050_0019_0047_0067_0042.jpg 1 19 47 67 42
0051_0013_0023_0056_0035.jpg 1 13 23 56 35
0052_0017_0030_0052_0033.jpg 1 17 30 52 33
0053_0005_0023_0057_0035.jpg 1 5 23 57 35
0054_0006_0028_0064_0040.jpg 1 6 28 64 40
0055_0012_0011_0065_0040.jpg 1 12 11 65 40
0056_0006_0021_0066_0041.jpg 1 6 21 66 41
0057_0029_0041_0059_0037.jpg 1 29 41 59 37
0058_0007_0033_0055_0034.jpg 1 7 33 55 34
0059_0032_0012_0063_0039.jpg 1 32 12 63 39
0060_0012_0044_0068_0043.jpg 1 12 44 68 43
0061_0026_0006_0067_0042.jpg 1 26 6 67 42
0062_0030_0035_0049_0030.jpg 1 30 35 49 30
0063_0019_0007_0051_0032.jpg 1 19 7 51 32
0064_0008_0022_0052_0032.jpg 1 8 22 52 32
0065_0030_0036_0056_0035.jpg 1 30 36 56 35
0066_0029_0036_0053_0033.jpg 1 29 36 53 33
0067_0036_0018_0051_0032.jpg 1 36 18 51 32
0068_0007_0042_0067_0042.jpg 1 7 42 67 42
0069_0015_0059_0050_0031.jpg 1 15 59 50 31
0070_0017_0013_0056_0035.jpg 1 17 13 56 35
0071_0011_0048_0062_0038.jpg 1 11 48 62 38
0072_0024_0012_0056_0035.jpg 1 24 12 56 35
0073_0008_0032_0069_0043.jpg 1 8 32 69 43
0074_0004_0038_0063_0039.jpg 1 4 38 63 39
0075_0021_0046_0049_0031.jpg 1 21 46 49 31
0076_0029_0037_0055_0034.jpg 1 29 37 55 34
0077_0022_0020_0060_0037.jpg 1 22 20 60 37
0078_0041_0032_0048_0030.jpg 1 41 32 48 30
0079_0024_0051_0062_0039.jpg 1 24 51 62 39
0080_0038_0057_0057_0035.jpg 1 38 57 57 35
0081_0043_0041_0050_0031.jpg 1 43 41 50 31
0082_0036_0048_0050_0031.jpg 1 36 48 50 31
0083_0010_0018_0059_0037.jpg 1 10 18 59 37
0084_0023_0041_0048_0030.jpg 1 23 41 48 30
0085_0032_0037_0051_0031.jpg 1 32 37 51 31
0086_0022_0012_0069_0043.jpg 1 22 12 69 43
0087_0014_0008_0057_0036.jpg 1 14 8 57 36
0088_0030_0039_0063_0039.jpg 1 30 39 63 39
0089_0005_0046_0049_0030.jpg 1 5 46 49 30
0090_0011_0017_0064_0040.jpg 1 11 17 64 40
0091_0006_0035_0054_0034.jpg 1 6 35 54 34
0092_0004_0029_0056_0035.jpg 1 4 29 56 35
0093_0031_0035_0057_0035.jpg 1 31 35 57 35
0094_0037_0035_0057_0035.jpg 1 37 35 57 35
0095_0021_0041_0069_0043.jpg 1 21 41 69 43
0096_0020_0034_0056_0035.jpg 1 20 34 56 35
0097_0031_0041_0051_0032.jpg 1 31 41 51 32
0098_0024_0042_0059_0037.jpg 1 24 42 59 37
0099_0011_0035_0058_0036.jpg 1 11 35 58 36
0100_0030_0013_0055_0034.jpg 1 30 13 55 34
0101_0033_0045_0061_0038.jpg 1 33 45 61 38
0102_0039_0021_0053_0033.jpg 1 39 21 53 33
0103_0037_0019_0057_0036.jpg 1 37 19 57 36
0104_0035_0030_0048_0030.jpg 1 35 30 48 30
0105_0024_0026_0049_0030.jpg 1 24 26 49 30
0106_0005_0033_0060_0037.jpg 1 5 33 60 37
0107_0007_0020_0060_0037.jpg 1 7 20 60 37
0108_0038_0014_0057_0035.jpg 1 38 14 57 35
0109_0029_0034_0066_0041.jpg 1 29 34 66 41
0110_0022_0028_0060_0037.jpg 1 22 28 60 37
0111_0013_0034_0049_0030.jpg 1 13 34 49 30
0112_0014_0016_0055_0034.jpg 1 14 16 55 34
0113_0029_0035_0058_0036.jpg 1 29 35 58 36
0114_0034_0048_0052_0032.jpg 1 34 48 52 32
0115_0028_0049_0048_0030.jpg 1 28 49 48 30
0116_0027_0030_0057_0036.jpg 1 27 30 57 36
0117_0013_0053_0064_0040.jpg 1 13 53 64 40
0118_0022_0017_0048_0030.jpg 1 22 17 48 30
0119_0035_0043_0048_0030.jpg 1 35 43 48 30
0120_0014_0028_0061_0038.jpg 1 14 28 61 38
0121_0014_0018_0061_0038.jpg 1 14 18 61 38
0122_0030_0014_0064_0040.jpg 1 30 14 64 40
0123_0022_0017_0060_0038.jpg 1 22 17 60 38
0124_0016_0042_0050_0031.jpg 1 16 42 50 31
0125_0019_0039_0065_0040.jpg 1 19 39 65 40
0126_0021_0019_0052_0033.jpg 1 21 19 52 33
0127_0031_0037_0052_0032.jpg 1 31 37 52 32
0128_0041_0016_0053_0033.jpg 1 41 16 53 33
