0001_0022_0055_0060_0037.jpg 1 22 55 60 37
0002_0014_0020_0065_0040.jpg 1 14 20 65 40
0003_0032_0015_0062_0038.jpg 1 32 15 62 38
0004_0023_0011_0069_0043.jpg 1 23 11 69 43
0005_0016_0048_0051_0031.jpg 1 16 48 51 31
0006_0025_0044_0069_0043.jpg 1 25 44 69 43
0007_0019_0007_0058_0036.jpg 1 19 7 58 36
0008_0025_0011_0057_0035.jpg 1 25 11 57 35
0009_0011_0032_0057_0036.jpg 1 11 32 57 36
0010_0031_0025_0057_0036.jpg 1 31 25 57 36
0011_0008_0051_0067_0042.jpg 1 8 51 67 42
0012_0025_0041_0062_0039.jpg 1 25 41 62 39
0013_0007_0041_0058_0036.jpg 1 7 41 58 36
0014_0009_0049_0064_0040.jpg 1 9 49 64 40
0015_0025_0036_0053_0033.jpg 1 25 36 53 33
0016_0009_0044_0069_0043.jpg 1 9 44 69 43
0017_0026_0057_0053_0033.jpg 1 26 57 53 33
0018_0026_0019_0064_0040.jpg 1 26 19 64 40
0019_0006_0048_0050_0031.jpg 1 6 48 50 31
0020_0030_0037_0057_0036.jpg 1 30 37 57 36
0021_0026_0042_0064_0040.jpg 1 26 42 64 40
0022_0015_0010_0051_0032.jpg 1 15 10 51 32
0023_0024_0015_0066_0041.jpg 1 24 15 66 41
0024_0007_0056_0059_0037.jpg 1 7 56 59 37
0025_0023_0021_0064_0040.jpg 1 23 21 64 40
0026_0005_0019_0057_0036.jpg 1 5 19 57 36
0027_0034_0018_0056_0035.jpg 1 34 18 56 35
0028_0031_0033_0060_0038.jpg 1 31 33 60 38
0029_0038_0048_0057_0035.jpg 1 38 48 57 35
0030_0007_0016_0069_0043.jpg 1 7 16 69 43
0031_0021_0033_0050_0031.jpg 1 21 33 50 31
0032_0008_0046_0059_0037.jpg 1 8 46 59 37
0033_0024_0033_0063_0039.jpg 1 24 33 63 39
0034_0011_0050_0062_0039.jpg 1 11 50 62 39
0035_0034_0016_0060_0037.jpg 1 34 16 60 37
0036_0024_0015_0056_0035.jpg 1 24 15 56 35
0037_0007_0029_0065_0040.jpg 1 7 29 65 40
0038_0024_0046_0055_0034.jpg 1 24 46 55 34
0039_0017_0028_0051_0032.jpg 1 17 28 51 32
0040_0008_0047_0048_0030.jpg 1 8 47 48 30
0041_0025_0060_0049_0030.jpg 1 25 60 49 30
0042_0022_0007_0062_0038.jpg 1 22 7 62 38
0043_0011_0016_0065_0041.jpg 1 11 16 65 41
0044_0019_0032_0048_0030.jpg 1 19 32 48 30
0045_0037_0025_0051_0032.jpg 1 37 25 51 32
0046_0025_0043_0064_0040.jpg 1 25 43 64 40
0047_0021_0053_0053_0033.jpg 1 21 53 53 33
0048_0021_0048_0063_0039.jpg 1 21 48 63 39
0049_0017_0048_0061_0038.jpg 1 17 48 61 38
0050_0010_0014_0053_0033.jpg 1 10 14 53 33
0051_0028_0024_0048_0030.jpg 1 28 24 48 30
0052_0031_0020_0058_0036.jpg 1 31 20 58 36
0053_0030_0042_0058_0036.jpg 1 30 42 58 36
0054_0011_0011_0058_0036.jpg 1 11 11 58 36
0055_0009_0024_0068_0042.jpg 1 9 24 68 42
0056_0036_0048_0053_0033.jpg 1 36 48 53 33
0057_0016_0032_0052_0032.jpg 1 16 32 52 32
0058_0019_0022_0057_0036.jpg 1 19 22 57 36
0059_0030_0019_0065_0040.jpg 1 30 19 65 40
0060_0024_0031_0064_0040.jpg 1 24 31 64 40
0061_0017_0013_0065_0040.jpg 1 17 13 65 40
0062_0028_0037_0061_0038.jpg 1 28 37 61 38
0063_0005_0009_0062_0038.jpg 1 5 9 62 38
0064_0026_0009_0056_0035.jpg 1 26 9 56 35
0065_0007_0033_0069_0043.jpg 1 7 33 69 43
0066_0026_0010_0068_0042.jpg 1 26 10 68 42
0067_0012_0014_0067_0042.jpg 1 12 14 67 42
0068_0039_0057_0051_0032.jpg 1 39 57 51 32
0069_0029_0039_0062_0038.jpg 1 29 39 62 38
0070_0008_0040_0050_0031.jpg 1 8 40 50 31
0071_0025_0008_0068_0042.jpg 1 25 8 68 42
0072_0015_0014_0058_0036.jpg 1 15 14 58 36
0073_0020_0041_0050_0031.jpg 1 20 41 50 31
0074_0011_0013_0050_0031.jpg 1 11 13 50 31
0075_0035_0050_0058_0036.jpg 1 35 50 58 36
0076_0006_0045_0048_0030.jpg 1 6 45 48 30
0077_0005_0019_0052_0033.jpg 1 5 19 52 33
0078_0017_0016_0069_0043.jpg 1 17 16 69 43
0079_0007_0028_0057_0035.jpg 1 7 28 57 35
0080_0019_0009_0061_0038.jpg 1 19 9 61 38
0081_0036_0052_0049_0031.jpg 1 36 52 49 31
0082_0010_0016_0068_0042.jpg 1 10 16 68 42
0083_0016_0020_0067_0041.jpg 1 16 20 67 41
0084_0021_0012_0064_0040.jpg 1 21 12 64 40
0085_0030_0038_0048_0030.jpg 1 30 38 48 30
0086_0012_0035_0065_0041.jpg 1 12 35 65 41
0087_0007_0044_0056_0035.jpg 1 7 44 56 35
0088_0006_0026_0058_0036.jpg 1 6 26 58 36
0089_0013_0040_0049_0030.jpg 1 13 40 49 30
0090_0030_0046_0066_0041.jpg 1 30 46 66 41
0091_0004_0049_0065_0040.jpg 1 4 49 65 40
0092_0033_0025_0054_0033.jpg 1 33 25 54 33
0093_0005_0015_0069_0043.jpg 1 5 15 69 43
0094_0010_0035_0067_0042.jpg 1 10 35 67 42
0095_0035_0009_0054_0034.jpg 1 35 9 54 34
0096_0023_0016_0061_0038.jpg 1 23 16 61 38
0097_0014_0018_0066_0041.jpg 1 14 18 66 41
0098_0018_0052_0065_0041.jpg 1 18 52 65 41
0099_0008_0006_0065_0041.jpg 1 8 6 65 41
0100_0014_0038_0058_0036.jpg 1 14 38 58 36
0101_0021_0010_0053_0033.jpg 1 21 10 53 33
0102_0024_0038_0069_0043.jpg 1 24 38 69 43
0103_0030_0042_0051_0032.jpg 1 30 42 51 32
0104_0019_0018_0063_0039.jpg 1 19 18 63 39
0105_0019_0024_0062_0038.jpg 1 19 24 62 38
0106_0032_0047_0048_0030.jpg 1 32 47 48 30
0107_0023_0023_0065_0040.jpg 1 23 23 65 40
0108_0023_0023_0069_0043.jpg 1 23 23 69 43
0109_0020_0007_0048_0030.jpg 1 20 7 48 30
0110_0026_0040_0056_0035.jpg 1 26 40 56 35
0111_0034_0010_0048_0030.jpg 1 34 10 48 30
0112_0006_0061_0049_0030.jpg 1 6 61 49 30
0113_0015_0021_0068_0042.jpg 1 15 21 68 42
0114_0012_0012_0057_0036.jpg 1 12 12 57 36
0115_0034_0014_0049_0030.jpg 1 34 14 49 30
0116_0016_0032_0056_0035.jpg 1 16 32 56 35
0117_0025_0034_0057_0035.jpg 1 25 34 57 35
0118_0033_0023_0058_0036.jpg 1 33 23 58 36
0119_0019_0023_0068_0042.jpg 1 19 23 68 42
0120_0021_0029_0054_0033.jpg 1 21 29 54 33
0121_0006_0032_0048_0030.jpg 1 6 32 48 30
0122_0007_0040_0053_0033.jpg 1 7 40 53 33
0123_0022_0036_0066_0041.jpg 1 22 36 66 41
0124_0018_0023_0061_0038.jpg 1 18 23 61 38
0125_0019_0015_0053_0033.jpg 1 19 15 53 33
0126_0031_0045_0049_0030.jpg 1 31 45 49 30
0127_0006_0007_0069_0043.jpg 1 6 7 69 43
0128_0028_0049_0060_0037.jpg 1 28 49 60 37
