0001_0033_0047_0052_0032.jpg 1 33 47 52 32
0002_0028_0028_0051_0032.jpg 1 28 28 51 32
0003_0037_0007_0053_0033.jpg 1 37 7 53 33
0004_0023_0036_0064_0040.jpg 1 23 36 64 40
0005_0035_0018_0055_0034.jpg 1 35 18 55 34
0006_0025_0006_0066_0041.jpg 1 25 6 66 41
0007_0028_0010_0065_0041.jpg 1 28 10 65 41
0008_0009_0016_0068_0043.jpg 1 9 16 68 43
0009_0017_0056_0057_0036.jpg 1 17 56 57 36
0010_0035_0043_0059_0037.jpg 1 35 43 59 37
0011_0017_0019_0066_0041.jpg 1 17 19 66 41
0012_0011_0043_0064_0040.jpg 1 11 43 64 40
0013_0016_0037_0058_0036.jpg 1 16 37 58 36
0014_0027_0055_0059_0037.jpg 1 27 55 59 37
0015_0015_0034_0063_0039.jpg 1 15 34 63 39
0016_0018_0013_0060_0037.jpg 1 18 13 60 37
0017_0007_0038_0068_0042.jpg 1 7 38 68 42
0018_0034_0042_0057_0035.jpg 1 34 42 57 35
0019_0026_0008_0048_0030.jpg 1 26 8 48 30
0020_0010_0040_0051_0032.jpg 1 10 40 51 32
0021_0036_0036_0051_0032.jpg 1 36 36 51 32
0022_0020_0059_0050_0031.jpg 1 20 59 50 31
0023_0040_0042_0055_0034.jpg 1 40 42 55 34
0024_0018_0017_0069_0043.jpg 1 18 17 69 43
0025_0033_0016_0060_0038.jpg 1 33 16 60 38
0026_0026_0031_0055_0034.jpg 1 26 31 55 34
0027_0007_0037_0069_0043.jpg 1 7 37 69 43
0028_0009_0045_0069_0043.jpg 1 9 45 69 43
0029_0042_0018_0051_0032.jpg 1 42 18 51 32
0030_0019_0033_0068_0042.jpg 1 19 33 68 42
0031_0039_0034_0052_0033.jpg 1 39 34 52 33
0032_0021_0046_0052_0032.jpg 1 21 46 52 32
0033_0028_0008_0063_0039.jpg 1 28 8 63 39
0034_0026_0006_0065_0041.jpg 1 26 6 65 41
0035_0033_0034_0063_0039.jpg 1 33 34 63 39
0036_0004_0032_0069_0043.jpg 1 4 32 69 43
0037_0014_0017_0063_0039.jpg 1 14 17 63 39
0038_0016_0032_0058_0036.jpg 1 16 32 58 36
0039_0037_0022_0053_0033.jpg 1 37 22 53 33
0040_0030_0054_0050_0031.jpg 1 30 54 50 31
0041_0039_0044_0050_0031.jpg 1 39 44 50 31
0042_0020_0038_0052_0032.jpg 1 20 38 52 32
0043_0025_0059_0053_0033.jpg 1 25 59 53 33
0044_0014_0049_0052_0032.jpg 1 14 49 52 32
0045_0021_0010_0065_0040.jpg 1 21 10 65 40
0046_0020_0021_0057_0035.jpg 1 20 21 57 35
0047_0007_0021_0054_0033.jpg 1 7 21 54 33
0048_0031_0020_0050_0031.jpg 1 31 20 50 31
0049_0008_0024_0058_0036.jpg 1 8 24 58 36
0050_0027_0050_0050_0031.jpg 1 27 50 50 31
0051_0014_0025_0062_0038.jpg 1 14 25 62 38
0052_0016_0009_0050_0031.jpg 1 16 9 50 31
0053_0030_0047_0054_0034.jpg 1 30 47 54 34
0054_0025_0010_0052_0033.jpg 1 25 10 52 33
0055_0021_0018_0060_0037.jpg 1 21 18 60 37
0056_0031_0032_0056_0035.jpg 1 31 32 56 35
0057_0028_0058_0053_0033.jpg 1 28 58 53 33
0058_0010_0038_0061_0038.jpg 1 10 38 61 38
0059_0033_0027_0059_0037.jpg 1 33 27 59 37
0060_0020_0037_0069_0043.jpg 1 20 37 69 43
0061_0027_0050_0053_0033.jpg 1 27 50 53 33
0062_0029_0053_0061_0038.jpg 1 29 53 61 38
0063_0006_0031_0067_0042.jpg 1 6 31 67 42
0064_0039_0056_0050_0031.jpg 1 39 56 50 31
0065_0008_0023_0048_0030.jpg 1 8 23 48 30
0066_0030_0013_0050_0031.jpg 1 30 13 50 31
0067_0007_0020_0065_0040.jpg 1 7 20 65 40
0068_0028_0031_0058_0036.jpg 1 28 31 58 36
0069_0036_0034_0056_0035.jpg 1 36 34 56 35
0070_0031_0024_0052_0032.jpg 1 31 24 52 32
0071_0036_0022_0050_0031.jpg 1 36 22 50 31
0072_0005_0049_0057_0035.jpg 1 5 49 57 35
0073_0032_0016_0060_0037.jpg 1 32 16 60 37
0074_0009_0027_0065_0041.jpg 1 9 27 65 41
0075_0026_0036_0055_0034.jpg 1 26 36 55 34
0076_0021_0026_0064_0040.jpg 1 21 26 64 40
0077_0022_0017_0056_0035.jpg 1 22 17 56 35
0078_0015_0050_0057_0035.jpg 1 15 50 57 35
0079_0007_0022_0049_0030.jpg 1 7 22 49 30
0080_0036_0053_0053_0033.jpg 1 36 53 53 33
0081_0014_0028_0064_0040.jpg 1 14 28 64 40
0082_0032_0035_0063_0039.jpg 1 32 35 63 39
0083_0010_0012_0069_0043.jpg 1 10 12 69 43
0084_0012_0053_0065_0040.jpg 1 12 53 65 40
0085_0040_0045_0053_0033.jpg 1 40 45 53 33
0086_0034_0028_0048_0030.jpg 1 34 28 48 30
0087_0041_0011_0049_0030.jpg 1 41 11 49 30
0088_0011_0039_0061_0038.jpg 1 11 39 61 38
0089_0006_0041_0054_0034.jpg 1 6 41 54 34
0090_0007_0029_0065_0040.jpg 1 7 29 65 40
0091_0032_0037_0051_0031.jpg 1 32 37 51 31
0092_0024_0012_0059_0037.jpg 1 24 12 59 37
0093_0018_0041_0062_0038.jpg 1 18 41 62 38
0094_0032_0009_0051_0032.jpg 1 32 9 51 32
0095_0011_0018_0062_0038.jpg 1 11 18 62 38
0096_0034_0018_0053_0033.jpg 1 34 18 53 33
0097_0024_0057_0053_0033.jpg 1 24 57 53 33
0098_0008_0043_0054_0034.jpg 1 8 43 54 34
0099_0031_0031_0058_0036.jpg 1 31 31 58 36
0100_0007_0046_0049_0030.jpg 1 7 46 49 30
0101_0034_0022_0057_0035.jpg 1 34 22 57 35
0102_0006_0014_0055_0034.jpg 1 6 14 55 34
0103_0004_0005_0069_0043.jpg 1 4 5 69 43
0104_0009_0049_0055_0034.jpg 1 9 49 55 34
0105_0025_0007_0054_0034.jpg 1 25 7 54 34
0106_0025_0040_0064_0040.jpg 1 25 40 64 40
0107_0017_0036_0060_0037.jpg 1 17 36 60 37
0108_0021_0014_0066_0041.jpg 1 21 14 66 41
0109_0020_0025_0069_0043.jpg 1 20 25 69 43
0110_0028_0035_0059_0036.jpg 1 28 35 59 36
0111_0031_0021_0055_0034.jpg 1 31 21 55 34
0112_0021_0012_0052_0032.jpg 1 21 12 52 32
0113_0039_0021_0051_0031.jpg 1 39 21 51 31
0114_0012_0008_0064_0040.jpg 1 12 8 64 40
0115_0042_0016_0052_0033.jpg 1 42 16 52 33
0116_0017_0044_0062_0039.jpg 1 17 44 62 39
0117_0042_0051_0052_0032.jpg 1 42 51 52 32
0118_0009_0036_0056_0035.jpg 1 9 36 56 35
0119_0010_0013_0052_0032.jpg 1 10 13 52 32
0120_0031_0011_0050_0031.jpg 1 31 11 50 31
0121_0022_0031_0066_0041.jpg 1 22 31 66 41
0122_0024_0038_0065_0041.jpg 1 24 38 65 41
0123_0019_0032_0068_0043.jpg 1 19 32 68 43
0124_0034_0015_0053_0033.jpg 1 34 15 53 33
0125_0026_0058_0056_0035.jpg 1 26 58 56 35
0126_0032_0011_0061_0038.jpg 1 32 11 61 38
0127_0029_0036_0048_0030.jpg 1 29 36 48 30
0128_0008_0033_0066_0041.jpg 1 8 33 66 41
0129_0025_0045_0065_0041.jpg 1 25 45 65 41
0130_0022_0048_0051_0032.jpg 1 22 48 51 32
0131_0020_0007_0066_0041.jpg 1 20 7 66 41
0132_0032_0041_0053_0033.jpg 1 32 41 53 33
0133_0030_0010_0062_0038.jpg 1 30 10 62 38
0134_0004_0038_0063_0039.jpg 1 4 38 63 39
0135_0004_0040_0065_0041.jpg 1 4 40 65 41
0136_0006_0019_0054_0034.jpg 1 6 19 54 34
0137_0024_0010_0068_0042.jpg 1 24 10 68 42
0138_0009_0015_0067_0042.jpg 1 9 15 67 42
0139_0015_0010_0069_0043.jpg 1 15 10 69 43
0140_0027_0030_0053_0033.jpg 1 27 30 53 33
0141_0018_0024_0055_0034.jpg 1 18 24 55 34
0142_0007_0022_0056_0035.jpg 1 7 22 56 35
0143_0026_0041_0051_0032.jpg 1 26 41 51 32
0144_0038_0058_0051_0032.jpg 1 38 58 51 32
0145_0014_0027_0068_0042.jpg 1 14 27 68 42
0146_0040_0017_0050_0031.jpg 1 40 17 50 31
0147_0010_0027_0062_0039.jpg 1 10 27 62 39
0148_0012_0054_0052_0032.jpg 1 12 54 52 32
0149_0012_0009_0057_0036.jpg 1 12 9 57 36
0150_0026_0041_0063_0039.jpg 1 26 41 63 39
0151_0014_0035_0062_0039.jpg 1 14 35 62 39
0152_0018_0031_0060_0037.jpg 1 18 31 60 37
0153_0028_0009_0064_0040.jpg 1 28 9 64 40
0154_0015_0042_0055_0034.jpg 1 15 42 55 34
0155_0005_0010_0062_0038.jpg 1 5 10 62 38
0156_0030_0040_0059_0037.jpg 1 30 40 59 37
0157_0013_0013_0069_0043.jpg 1 13 13 69 43
0158_0024_0025_0056_0035.jpg 1 24 25 56 35
0159_0028_0028_0049_0031.jpg 1 28 28 49 31
0160_0009_0012_0051_0032.jpg 1 9 12 51 32
0161_0004_0027_0069_0043.jpg 1 4 27 69 43
0162_0007_0017_0068_0043.jpg 1 7 17 68 43
0163_0019_0030_0055_0034.jpg 1 19 30 55 34
0164_0012_0009_0057_0036.jpg 1 12 9 57 36
0165_0023_0048_0055_0034.jpg 1 23 48 55 34
0166_0009_0048_0059_0037.jpg 1 9 48 59 37
0167_0039_0040_0053_0033.jpg 1 39 40 53 33
0168_0027_0020_0051_0032.jpg 1 27 20 51 32
0169_0031_0024_0055_0034.jpg 1 31 24 55 34
0170_0024_0045_0054_0033.jpg 1 24 45 54 33
0171_0028_0050_0066_0041.jpg 1 28 50 66 41
0172_0029_0053_0054_0034.jpg 1 29 53 54 34
0173_0012_0038_0060_0037.jpg 1 12 38 60 37
0174_0015_0044_0068_0043.jpg 1 15 44 68 43
0175_0014_0039_0061_0038.jpg 1 14 39 61 38
0176_0014_0021_0064_0040.jpg 1 14 21 64 40
0177_0007_0040_0066_0041.jpg 1 7 40 66 41
0178_0024_0010_0059_0037.jpg 1 24 10 59 37
0179_0025_0020_0066_0041.jpg 1 25 20 66 41
0180_0011_0032_0056_0035.jpg 1 11 32 56 35
0181_0012_0010_0068_0042.jpg 1 12 10 68 42
0182_0031_0047_0065_0040.jpg 1 31 47 65 40
0183_0028_0040_0058_0036.jpg 1 28 40 58 36
0184_0008_0055_0053_0033.jpg 1 8 55 53 33
0185_0027_0025_0050_0031.jpg 1 27 25 50 31
0186_0028_0032_0065_0040.jpg 1 28 32 65 40
0187_0036_0033_0051_0032.jpg 1 36 33 51 32
0188_0032_0014_0052_0032.jpg 1 32 14 52 32
0189_0018_0029_0056_0035.jpg 1 18 29 56 35
0190_0030_0043_0063_0039.jpg 1 30 43 63 39
0191_0018_0014_0069_0043.jpg 1 18 14 69 43
0192_0025_0037_0069_0043.jpg 1 25 37 69 43
0193_0027_0020_0053_0033.jpg 1 27 20 53 33
0194_0009_0031_0060_0037.jpg 1 9 31 60 37
0195_0016_0053_0051_0032.jpg 1 16 53 51 32
0196_0026_0041_0051_0032.jpg 1 26 41 51 32
0197_0020_0044_0063_0039.jpg 1 20 44 63 39
0198_0011_0015_0066_0041.jpg 1 11 15 66 41
0199_0013_0013_0058_0036.jpg 1 13 13 58 36
0200_0028_0048_0066_0041.jpg 1 28 48 66 41
0201_0027_0009_0061_0038.jpg 1 27 9 61 38
0202_0030_0052_0053_0033.jpg 1 30 52 53 33
0203_0027_0032_0068_0043.jpg 1 27 32 68 43
0204_0025_0009_0060_0037.jpg 1 25 9 60 37
0205_0008_0032_0064_0040.jpg 1 8 32 64 40
0206_0016_0046_0059_0037.jpg 1 16 46 59 37
0207_0005_0019_0067_0041.jpg 1 5 19 67 41
0208_0023_0053_0059_0037.jpg 1 23 53 59 37
0209_0015_0020_0052_0033.jpg 1 15 20 52 33
0210_0017_0047_0061_0038.jpg 1 17 47 61 38
0211_0008_0013_0068_0042.jpg 1 8 13 68 42
0212_0022_0040_0061_0038.jpg 1 22 40 61 38
0213_0012_0051_0064_0040.jpg 1 12 51 64 40
0214_0007_0045_0066_0041.jpg 1 7 45 66 41
0215_0036_0033_0052_0032.jpg 1 36 33 52 32
0216_0013_0022_0055_0034.jpg 1 13 22 55 34
0217_0015_0046_0049_0030.jpg 1 15 46 49 30
0218_0027_0014_0059_0037.jpg 1 27 14 59 37
0219_0032_0053_0054_0034.jpg 1 32 53 54 34
0220_0018_0040_0062_0039.jpg 1 18 40 62 39
0221_0028_0019_0051_0032.jpg 1 28 19 51 32
0222_0025_0042_0069_0043.jpg 1 25 42 69 43
0223_0042_0014_0050_0031.jpg 1 42 14 50 31
0224_0024_0037_0069_0043.jpg 1 24 37 69 43
0225_0022_0036_0055_0034.jpg 1 22 36 55 34
0226_0011_0008_0056_0035.jpg 1 11 8 56 35
0227_0008_0022_0064_0040.jpg 1 8 22 64 40
0228_0014_0021_0068_0042.jpg 1 14 21 68 42
0229_0035_0017_0057_0035.jpg 1 35 17 57 35
0230_0010_0007_0050_0031.jpg 1 10 7 50 31
0231_0018_0015_0065_0040.jpg 1 18 15 65 40
0232_0005_0040_0058_0036.jpg 1 5 40 58 36
0233_0013_0020_0068_0042.jpg 1 13 20 68 42
0234_0007_0039_0048_0030.jpg 1 7 39 48 30
0235_0035_0054_0056_0035.jpg 1 35 54 56 35
0236_0021_0031_0055_0034.jpg 1 21 31 55 34
0237_0016_0041_0063_0039.jpg 1 16 41 63 39
0238_0021_0031_0063_0039.jpg 1 21 31 63 39
0239_0005_0021_0054_0033.jpg 1 5 21 54 33
0240_0007_0044_0063_0039.jpg 1 7 44 63 39
0241_0006_0056_0059_0037.jpg 1 6 56 59 37
0242_0019_0047_0064_0040.jpg 1 19 47 64 40
0243_0035_0052_0059_0036.jpg 1 35 52 59 36
0244_0027_0042_0061_0038.jpg 1 27 42 61 38
0245_0031_0045_0053_0033.jpg 1 31 45 53 33
0246_0011_0027_0069_0043.jpg 1 11 27 69 43
0247_0020_0032_0059_0037.jpg 1 20 32 59 37
0248_0024_0034_0068_0042.jpg 1 24 34 68 42
0249_0042_0007_0052_0032.jpg 1 42 7 52 32
0250_0004_0022_0067_0042.jpg 1 4 22 67 42
0251_0043_0008_0050_0031.jpg 1 43 8 50 31
0252_0022_0008_0062_0038.jpg 1 22 8 62 38
0253_0032_0026_0064_0040.jpg 1 32 26 64 40
0254_0005_0038_0069_0043.jpg 1 5 38 69 43
0255_0011_0029_0063_0039.jpg 1 11 29 63 39
0256_0022_0050_0055_0034.jpg 1 22 50 55 34
