0001_0036_0014_0054_0033.jpg 1 36 14 54 33
0002_0011_0036_0058_0036.jpg 1 11 36 58 36
0003_0025_0043_0065_0041.jpg 1 25 43 65 41
0004_0024_0013_0062_0038.jpg 1 24 13 62 38
0005_0004_0019_0058_0036.jpg 1 4 19 58 36
0006_0023_0029_0058_0036.jpg 1 23 29 58 36
0007_0011_0026_0054_0033.jpg 1 11 26 54 33
0008_0005_0040_0055_0034.jpg 1 5 40 55 34
0009_0014_0022_0065_0040.jpg 1 14 22 65 40
0010_0008_0030_0068_0042.jpg 1 8 30 68 42
0011_0025_0012_0057_0036.jpg 1 25 12 57 36
0012_0020_0023_0054_0034.jpg 1 20 23 54 34
0013_0013_0041_0057_0035.jpg 1 13 41 57 35
0014_0016_0027_0063_0039.jpg 1 16 27 63 39
0015_0014_0041_0048_0030.jpg 1 14 41 48 30
0016_0026_0031_0058_0036.jpg 1 26 31 58 36
0017_0005_0035_0053_0033.jpg 1 5 35 53 33
0018_0016_0037_0054_0034.jpg 1 16 37 54 34
0019_0006_0018_0062_0038.jpg 1 6 18 62 38
0020_0005_0048_0059_0037.jpg 1 5 48 59 37
0021_0032_0012_0053_0033.jpg 1 32 12 53 33
0022_0007_0020_0053_0033.jpg 1 7 20 53 33
0023_0025_0050_0049_0031.jpg 1 25 50 49 31
0024_0023_0053_0060_0037.jpg 1 23 53 60 37
0025_0022_0041_0061_0038.jpg 1 22 41 61 38
0026_0006_0038_0068_0042.jpg 1 6 38 68 42
0027_0031_0040_0053_0033.jpg 1 31 40 53 33
0028_0026_0054_0057_0035.jpg 1 26 54 57 35
0029_0016_0011_0062_0039.jpg 1 16 11 62 39
0030_0014_0053_0057_0036.jpg 1 14 53 57 36
0031_0018_0015_0053_0033.jpg 1 18 15 53 33
0032_0025_0011_0066_0041.jpg 1 25 11 66 41
0033_0004_0021_0056_0035.jpg 1 4 21 56 35
0034_0025_0012_0062_0039.jpg 1 25 12 62 39
0035_0039_0052_0052_0032.jpg 1 39 52 52 32
0036_0036_0021_0053_0033.jpg 1 36 21 53 33
0037_0040_0059_0053_0033.jpg 1 40 59 53 33
0038_0016_0045_0064_0040.jpg 1 16 45 64 40
0039_0019_0022_0060_0037.jpg 1 19 22 60 37
0040_0013_0016_0068_0042.jpg 1 13 16 68 42
0041_0026_0024_0064_0040.jpg 1 26 24 64 40
0042_0012_0049_0057_0035.jpg 1 12 49 57 35
0043_0016_0020_0058_0036.jpg 1 16 20 58 36
0044_0045_0044_0048_0030.jpg 1 45 44 48 30
0045_0020_0036_0050_0031.jpg 1 20 36 50 31
0046_0004_0046_0061_0038.jpg 1 4 46 61 38
0047_0005_0019_0066_0041.jpg 1 5 19 66 41
0048_0011_0007_0055_0034.jpg 1 11 7 55 34
0049_0004_0042_0063_0039.jpg 1 4 42 63 39
0050_0007_0015_0062_0038.jpg 1 7 15 62 38
0051_0011_0030_0060_0037.jpg 1 11 30 60 37
0052_0008_0011_0060_0037.jpg 1 8 11 60 37
0053_0035_0030_0049_0030.jpg 1 35 30 49 30
0054_0040_0028_0049_0030.jpg 1 40 28 49 30
0055_0018_0010_0061_0038.jpg 1 18 10 61 38
0056_0012_0058_0050_0031.jpg 1 12 58 50 31
0057_0040_0055_0055_0034.jpg 1 40 55 55 34
0058_0018_0010_0068_0043.jpg 1 18 10 68 43
0059_0015_0013_0068_0042.jpg 1 15 13 68 42
0060_0045_0037_0049_0030.jpg 1 45 37 49 30
0061_0008_0030_0064_0040.jpg 1 8 30 64 40
0062_0017_0047_0062_0039.jpg 1 17 47 62 39
0063_0031_0014_0059_0036.jpg 1 31 14 59 36
0064_0010_0021_0058_0036.jpg 1 10 21 58 36
0065_0030_0034_0054_0034.jpg 1 30 34 54 34
0066_0006_0030_0060_0037.jpg 1 6 30 60 37
0067_0030_0012_0061_0038.jpg 1 30 12 61 38
0068_0013_0007_0069_0043.jpg 1 13 7 69 43
0069_0016_0012_0064_0040.jpg 1 16 12 64 40
0070_0025_0027_0053_0033.jpg 1 25 27 53 33
0071_0027_0036_0068_0043.jpg 1 27 36 68 43
0072_0007_0045_0067_0042.jpg 1 7 45 67 42
0073_0024_0053_0065_0040.jpg 1 24 53 65 40
0074_0012_0011_0066_0041.jpg 1 12 11 66 41
0075_0008_0012_0051_0031.jpg 1 8 12 51 31
0076_0004_0016_0064_0040.jpg 1 4 16 64 40
0077_0031_0028_0049_0030.jpg 1 31 28 49 30
0078_0005_0039_0055_0034.jpg 1 5 39 55 34
0079_0028_0011_0056_0035.jpg 1 28 11 56 35
0080_0021_0017_0060_0037.jpg 1 21 17 60 37
0081_0030_0035_0048_0030.jpg 1 30 35 48 30
0082_0006_0007_0052_0032.jpg 1 6 7 52 32
0083_0019_0014_0068_0043.jpg 1 19 14 68 43
0084_0030_0041_0057_0036.jpg 1 30 41 57 36
0085_0029_0014_0062_0039.jpg 1 29 14 62 39
0086_0030_0050_0063_0039.jpg 1 30 50 63 39
0087_0021_0022_0060_0037.jpg 1 21 22 60 37
0088_0005_0053_0064_0040.jpg 1 5 53 64 40
0089_0034_0016_0062_0038.jpg 1 34 16 62 38
0090_0012_0038_0069_0043.jpg 1 12 38 69 43
0091_0011_0011_0068_0042.jpg 1 11 11 68 42
0092_0018_0018_0049_0030.jpg 1 18 18 49 30
0093_0017_0030_0051_0032.jpg 1 17 30 51 32
0094_0032_0023_0055_0034.jpg 1 32 23 55 34
0095_0008_0036_0054_0034.jpg 1 8 36 54 34
0096_0039_0008_0055_0034.jpg 1 39 8 55 34
0097_0008_0021_0055_0034.jpg 1 8 21 55 34
0098_0019_0006_0067_0041.jpg 1 19 6 67 41
0099_0026_0044_0058_0036.jpg 1 26 44 58 36
0100_0020_0008_0069_0043.jpg 1 20 8 69 43
0101_0007_0061_0048_0030.jpg 1 7 61 48 30
0102_0011_0023_0054_0034.jpg 1 11 23 54 34
0103_0014_0044_0069_0043.jpg 1 14 44 69 43
0104_0014_0057_0056_0035.jpg 1 14 57 56 35
0105_0022_0014_0069_0043.jpg 1 22 14 69 43
0106_0033_0023_0057_0036.jpg 1 33 23 57 36
0107_0038_0009_0053_0033.jpg 1 38 9 53 33
0108_0028_0043_0053_0033.jpg 1 28 43 53 33
0109_0030_0050_0066_0041.jpg 1 30 50 66 41
0110_0028_0030_0053_0033.jpg 1 28 30 53 33
0111_0019_0015_0059_0037.jpg 1 19 15 59 37
0112_0007_0027_0053_0033.jpg 1 7 27 53 33
0113_0015_0015_0052_0032.jpg 1 15 15 52 32
0114_0021_0019_0055_0034.jpg 1 21 19 55 34
0115_0036_0042_0058_0036.jpg 1 36 42 58 36
0116_0014_0038_0049_0030.jpg 1 14 38 49 30
0117_0042_0023_0051_0031.jpg 1 42 23 51 31
0118_0042_0012_0052_0032.jpg 1 42 12 52 32
0119_0005_0038_0067_0042.jpg 1 5 38 67 42
0120_0034_0032_0054_0034.jpg 1 34 32 54 34
0121_0022_0041_0067_0042.jpg 1 22 41 67 42
0122_0019_0012_0051_0032.jpg 1 19 12 51 32
0123_0035_0018_0049_0031.jpg 1 35 18 49 31
0124_0008_0015_0056_0035.jpg 1 8 15 56 35
0125_0018_0009_0068_0042.jpg 1 18 9 68 42
0126_0029_0035_0066_0041.jpg 1 29 35 66 41
0127_0013_0011_0062_0038.jpg 1 13 11 62 38
0128_0031_0045_0048_0030.jpg 1 31 45 48 30
0129_0015_0041_0058_0036.jpg 1 15 41 58 36
0130_0012_0022_0055_0034.jpg 1 12 22 55 34
0131_0028_0049_0052_0032.jpg 1 28 49 52 32
0132_0027_0034_0061_0038.jpg 1 27 34 61 38
0133_0019_0017_0051_0032.jpg 1 19 17 51 32
0134_0029_0048_0067_0042.jpg 1 29 48 67 42
0135_0028_0012_0060_0037.jpg 1 28 12 60 37
0136_0012_0016_0063_0039.jpg 1 12 16 63 39
0137_0008_0018_0053_0033.jpg 1 8 18 53 33
0138_0015_0040_0049_0030.jpg 1 15 40 49 30
0139_0014_0047_0053_0033.jpg 1 14 47 53 33
0140_0008_0035_0067_0041.jpg 1 8 35 67 41
0141_0021_0006_0066_0041.jpg 1 21 6 66 41
0142_0023_0023_0064_0040.jpg 1 23 23 64 40
0143_0028_0048_0063_0039.jpg 1 28 48 63 39
0144_0029_0013_0052_0033.jpg 1 29 13 52 33
0145_0018_0026_0064_0040.jpg 1 18 26 64 40
0146_0006_0036_0061_0038.jpg 1 6 36 61 38
0147_0011_0027_0063_0039.jpg 1 11 27 63 39
0148_0034_0055_0052_0033.jpg 1 34 55 52 33
0149_0012_0036_0069_0043.jpg 1 12 36 69 43
0150_0027_0031_0051_0032.jpg 1 27 31 51 32
0151_0008_0010_0057_0035.jpg 1 8 10 57 35
0152_0004_0037_0067_0042.jpg 1 4 37 67 42
0153_0032_0027_0053_0033.jpg 1 32 27 53 33
0154_0025_0013_0055_0034.jpg 1 25 13 55 34
0155_0013_0044_0051_0032.jpg 1 13 44 51 32
0156_0026_0034_0055_0034.jpg 1 26 34 55 34
0157_0025_0042_0053_0033.jpg 1 25 42 53 33
0158_0006_0025_0056_0035.jpg 1 6 25 56 35
0159_0014_0012_0065_0040.jpg 1 14 12 65 40
0160_0008_0026_0066_0041.jpg 1 8 26 66 41
0161_0026_0017_0059_0037.jpg 1 26 17 59 37
0162_0021_0035_0066_0041.jpg 1 21 35 66 41
0163_0017_0056_0059_0037.jpg 1 17 56 59 37
0164_0013_0022_0052_0032.jpg 1 13 22 52 32
0165_0021_0010_0048_0030.jpg 1 21 10 48 30
0166_0017_0008_0068_0042.jpg 1 17 8 68 42
0167_0006_0037_0059_0037.jpg 1 6 37 59 37
0168_0012_0038_0061_0038.jpg 1 12 38 61 38
0169_0003_0013_0068_0043.jpg 1 3 13 68 43
0170_0016_0018_0054_0034.jpg 1 16 18 54 34
0171_0032_0013_0052_0033.jpg 1 32 13 52 33
0172_0016_0033_0067_0042.jpg 1 16 33 67 42
0173_0029_0040_0056_0035.jpg 1 29 40 56 35
0174_0041_0049_0054_0033.jpg 1 41 49 54 33
0175_0017_0010_0051_0032.jpg 1 17 10 51 32
0176_0032_0023_0064_0040.jpg 1 32 23 64 40
0177_0017_0032_0068_0042.jpg 1 17 32 68 42
0178_0009_0018_0068_0042.jpg 1 9 18 68 42
0179_0039_0009_0048_0030.jpg 1 39 9 48 30
0180_0007_0021_0063_0039.jpg 1 7 21 63 39
0181_0039_0020_0055_0034.jpg 1 39 20 55 34
0182_0031_0035_0063_0039.jpg 1 31 35 63 39
0183_0019_0015_0057_0035.jpg 1 19 15 57 35
0184_0010_0017_0064_0040.jpg 1 10 17 64 40
0185_0013_0036_0069_0043.jpg 1 13 36 69 43
0186_0027_0021_0067_0042.jpg 1 27 21 67 42
0187_0019_0048_0064_0040.jpg 1 19 48 64 40
0188_0021_0011_0055_0034.jpg 1 21 11 55 34
0189_0014_0059_0053_0033.jpg 1 14 59 53 33
0190_0006_0057_0051_0032.jpg 1 6 57 51 32
0191_0018_0049_0069_0043.jpg 1 18 49 69 43
0192_0005_0023_0068_0042.jpg 1 5 23 68 42
0193_0036_0054_0050_0031.jpg 1 36 54 50 31
0194_0024_0025_0060_0037.jpg 1 24 25 60 37
0195_0034_0009_0049_0030.jpg 1 34 9 49 30
0196_0004_0019_0055_0034.jpg 1 4 19 55 34
0197_0025_0041_0067_0041.jpg 1 25 41 67 41
0198_0009_0020_0058_0036.jpg 1 9 20 58 36
0199_0010_0019_0068_0042.jpg 1 10 19 68 42
0200_0021_0028_0051_0032.jpg 1 21 28 51 32
0201_0021_0014_0059_0037.jpg 1 21 14 59 37
0202_0031_0030_0049_0030.jpg 1 31 30 49 30
0203_0019_0017_0053_0033.jpg 1 19 17 53 33
0204_0017_0036_0063_0039.jpg 1 17 36 63 39
0205_0039_0037_0052_0032.jpg 1 39 37 52 32
0206_0012_0038_0069_0043.jpg 1 12 38 69 43
0207_0009_0043_0064_0040.jpg 1 9 43 64 40
0208_0008_0046_0056_0035.jpg 1 8 46 56 35
0209_0004_0048_0063_0039.jpg 1 4 48 63 39
0210_0016_0016_0055_0034.jpg 1 16 16 55 34
0211_0008_0045_0063_0039.jpg 1 8 45 63 39
0212_0040_0030_0052_0032.jpg 1 40 30 52 32
0213_0009_0036_0062_0039.jpg 1 9 36 62 39
0214_0014_0041_0050_0031.jpg 1 14 41 50 31
0215_0004_0027_0066_0041.jpg 1 4 27 66 41
0216_0009_0045_0062_0038.jpg 1 9 45 62 38
0217_0016_0019_0069_0043.jpg 1 16 19 69 43
0218_0041_0039_0050_0031.jpg 1 41 39 50 31
0219_0006_0006_0059_0037.jpg 1 6 6 59 37
0220_0019_0055_0050_0031.jpg 1 19 55 50 31
0221_0011_0053_0059_0037.jpg 1 11 53 59 37
0222_0016_0029_0069_0043.jpg 1 16 29 69 43
0223_0008_0027_0054_0034.jpg 1 8 27 54 34
0224_0011_0041_0059_0037.jpg 1 11 41 59 37
0225_0037_0009_0054_0034.jpg 1 37 9 54 34
0226_0012_0018_0068_0042.jpg 1 12 18 68 42
0227_0013_0038_0061_0038.jpg 1 13 38 61 38
0228_0033_0030_0059_0037.jpg 1 33 30 59 37
0229_0006_0008_0068_0042.jpg 1 6 8 68 42
0230_0041_0006_0054_0033.jpg 1 41 6 54 33
0231_0012_0037_0058_0036.jpg 1 12 37 58 36
0232_0017_0024_0064_0040.jpg 1 17 24 64 40
0233_0007_0029_0055_0034.jpg 1 7 29 55 34
0234_0025_0029_0051_0032.jpg 1 25 29 51 32
0235_0024_0016_0066_0041.jpg 1 24 16 66 41
0236_0026_0046_0063_0039.jpg 1 26 46 63 39
0237_0031_0023_0059_0036.jpg 1 31 23 59 36
0238_0016_0028_0069_0043.jpg 1 16 28 69 43
0239_0015_0059_0049_0030.jpg 1 15 59 49 30
0240_0022_0029_0058_0036.jpg 1 22 29 58 36
0241_0045_0023_0048_0030.jpg 1 45 23 48 30
0242_0016_0010_0062_0038.jpg 1 16 10 62 38
0243_0028_0046_0068_0042.jpg 1 28 46 68 42
0244_0015_0056_0050_0031.jpg 1 15 56 50 31
0245_0029_0034_0057_0035.jpg 1 29 34 57 35
0246_0027_0046_0057_0036.jpg 1 27 46 57 36
0247_0011_0045_0065_0040.jpg 1 11 45 65 40
0248_0019_0020_0048_0030.jpg 1 19 20 48 30
0249_0034_0024_0061_0038.jpg 1 34 24 61 38
0250_0004_0011_0064_0040.jpg 1 4 11 64 40
0251_0014_0053_0055_0034.jpg 1 14 53 55 34
0252_0012_0036_0067_0042.jpg 1 12 36 67 42
0253_0009_0011_0059_0036.jpg 1 9 11 59 36
0254_0029_0032_0059_0037.jpg 1 29 32 59 37
0255_0028_0020_0064_0040.jpg 1 28 20 64 40
0256_0027_0041_0063_0039.jpg 1 27 41 63 39
