0001_0006_0052_0058_0036.jpg 1 6 52 58 36
0002_0005_0008_0051_0031.jpg 1 5 8 51 31
0003_0027_0047_0069_0043.jpg 1 27 47 69 43
0004_0006_0013_0055_0034.jpg 1 6 13 55 34
0005_0028_0039_0064_0040.jpg 1 28 39 64 40
0006_0025_0052_0052_0032.jpg 1 25 52 52 32
0007_0022_0016_0053_0033.jpg 1 22 16 53 33
0008_0018_0024_0056_0035.jpg 1 18 24 56 35
0009_0010_0033_0059_0037.jpg 1 10 33 59 37
0010_0023_0012_0060_0037.jpg 1 23 12 60 37
0011_0021_0027_0050_0031.jpg 1 21 27 50 31
0012_0017_0047_0051_0032.jpg 1 17 47 51 32
0013_0023_0033_0064_0040.jpg 1 23 33 64 40
0014_0010_0009_0053_0033.jpg 1 10 9 53 33
0015_0029_0030_0058_0036.jpg 1 29 30 58 36
0016_0022_0047_0069_0043.jpg 1 22 47 69 43
0017_0026_0022_0060_0037.jpg 1 26 22 60 37
0018_0036_0009_0049_0030.jpg 1 36 9 49 30
0019_0018_0029_0060_0037.jpg 1 18 29 60 37
0020_0019_0016_0069_0043.jpg 1 19 16 69 43
0021_0026_0030_0056_0035.jpg 1 26 30 56 35
0022_0024_0024_0067_0041.jpg 1 24 24 67 41
0023_0021_0023_0052_0032.jpg 1 21 23 52 32
0024_0030_0023_0049_0031.jpg 1 30 23 49 31
0025_0038_0024_0054_0034.jpg 1 38 24 54 34
0026_0011_0023_0068_0042.jpg 1 11 23 68 42
0027_0005_0051_0060_0038.jpg 1 5 51 60 38
0028_0017_0018_0055_0034.jpg 1 17 18 55 34
0029_0012_0034_0056_0035.jpg 1 12 34 56 35
0030_0041_0050_0050_0031.jpg 1 41 50 50 31
0031_0027_0034_0057_0036.jpg 1 27 34 57 36
0032_0022_0009_0068_0042.jpg 1 22 9 68 42
0033_0025_0048_0063_0039.jpg 1 25 48 63 39
0034_0013_0054_0059_0037.jpg 1 13 54 59 37
0035_0026_0019_0058_0036.jpg 1 26 19 58 36
0036_0032_0050_0059_0036.jpg 1 32 50 59 36
0037_0009_0043_0069_0043.jpg 1 9 43 69 43
0038_0003_0019_0064_0040.jpg 1 3 19 64 40
0039_0031_0009_0060_0037.jpg 1 31 9 60 37
0040_0039_0025_0049_0031.jpg 1 39 25 49 31
0041_0018_0060_0048_0030.jpg 1 18 60 48 30
0042_0024_0054_0061_0038.jpg 1 24 54 61 38
0043_0025_0047_0067_0041.jpg 1 25 47 67 41
0044_0026_0057_0050_0031.jpg 1 26 57 50 31
0045_0012_0037_0051_0031.jpg 1 12 37 51 31
0046_0023_0043_0069_0043.jpg 1 23 43 69 43
0047_0019_0029_0067_0042.jpg 1 19 29 67 42
0048_0013_0029_0051_0032.jpg 1 13 29 51 32
0049_0008_0042_0069_0043.jpg 1 8 42 69 43
0050_0005_0057_0054_0034.jpg 1 5 57 54 34
0051_0031_0048_0063_0039.jpg 1 31 48 63 39
0052_0005_0015_0053_0033.jpg 1 5 15 53 33
0053_0013_0008_0051_0032.jpg 1 13 8 51 32
0054_0025_0048_0067_0042.jpg 1 25 48 67 42
0055_0023_0006_0063_0039.jpg 1 23 6 63 39
0056_0006_0033_0063_0039.jpg 1 6 33 63 39
0057_0023_0026_0068_0042.jpg 1 23 26 68 42
0058_0007_0033_0068_0042.jpg 1 7 33 68 42
0059_0031_0020_0063_0039.jpg 1 31 20 63 39
0060_0021_0018_0057_0036.jpg 1 21 18 57 36
0061_0026_0049_0067_0042.jpg 1 26 49 67 42
0062_0008_0014_0054_0034.jpg 1 8 14 54 34
0063_0016_0051_0059_0036.jpg 1 16 51 59 36
0064_0028_0033_0062_0039.jpg 1 28 33 62 39
0065_0024_0035_0059_0037.jpg 1 24 35 59 37
0066_0025_0024_0066_0041.jpg 1 25 24 66 41
0067_0013_0023_0050_0031.jpg 1 13 23 50 31
0068_0037_0057_0052_0032.jpg 1 37 57 52 32
0069_0017_0021_0056_0035.jpg 1 17 21 56 35
0070_0024_0028_0068_0042.jpg 1 24 28 68 42
0071_0012_0010_0067_0042.jpg 1 12 10 67 42
0072_0010_0054_0061_0038.jpg 1 10 54 61 38
0073_0019_0037_0053_0033.jpg 1 19 37 53 33
0074_0012_0041_0052_0033.jpg 1 12 41 52 33
0075_0013_0049_0058_0036.jpg 1 13 49 58 36
0076_0030_0059_0048_0030.jpg 1 30 59 48 30
0077_0015_0020_0057_0035.jpg 1 15 20 57 35
0078_0026_0035_0058_0036.jpg 1 26 35 58 36
0079_0041_0016_0050_0031.jpg 1 41 16 50 31
0080_0017_0036_0067_0042.jpg 1 17 36 67 42
0081_0028_0036_0053_0033.jpg 1 28 36 53 33
0082_0010_0039_0063_0039.jpg 1 10 39 63 39
0083_0014_0012_0068_0042.jpg 1 14 12 68 42
0084_0023_0007_0054_0033.jpg 1 23 7 54 33
0085_0005_0025_0060_0038.jpg 1 5 25 60 38
0086_0015_0041_0069_0043.jpg 1 15 41 69 43
0087_0008_0038_0056_0035.jpg 1 8 38 56 35
0088_0025_0007_0062_0039.jpg 1 25 7 62 39
0089_0024_0032_0052_0032.jpg 1 24 32 52 32
0090_0017_0038_0069_0043.jpg 1 17 38 69 43
0091_0031_0018_0060_0037.jpg 1 31 18 60 37
0092_0021_0043_0067_0042.jpg 1 21 43 67 42
0093_0034_0028_0049_0030.jpg 1 34 28 49 30
0094_0021_0026_0064_0040.jpg 1 21 26 64 40
0095_0030_0018_0049_0030.jpg 1 30 18 49 30
0096_0023_0048_0049_0030.jpg 1 23 48 49 30
0097_0023_0038_0067_0042.jpg 1 23 38 67 42
0098_0036_0056_0052_0032.jpg 1 36 56 52 32
0099_0033_0050_0061_0038.jpg 1 33 50 61 38
0100_0015_0019_0065_0040.jpg 1 15 19 65 40
0101_0043_0046_0051_0032.jpg 1 43 46 51 32
0102_0017_0025_0059_0037.jpg 1 17 25 59 37
0103_0010_0049_0059_0037.jpg 1 10 49 59 37
0104_0022_0008_0063_0039.jpg 1 22 8 63 39
0105_0019_0050_0057_0035.jpg 1 19 50 57 35
0106_0010_0026_0067_0042.jpg 1 10 26 67 42
0107_0027_0048_0060_0037.jpg 1 27 48 60 37
0108_0033_0017_0058_0036.jpg 1 33 17 58 36
0109_0025_0050_0054_0033.jpg 1 25 50 54 33
0110_0006_0020_0056_0035.jpg 1 6 20 56 35
0111_0005_0044_0059_0036.jpg 1 5 44 59 36
0112_0011_0042_0062_0038.jpg 1 11 42 62 38
0113_0004_0031_0067_0042.jpg 1 4 31 67 42
0114_0022_0018_0052_0032.jpg 1 22 18 52 32
0115_0004_0007_0063_0039.jpg 1 4 7 63 39
0116_0024_0020_0063_0039.jpg 1 24 20 63 39
0117_0026_0061_0051_0031.jpg 1 26 61 51 31
0118_0019_0026_0068_0043.jpg 1 19 26 68 43
0119_0033_0012_0062_0039.jpg 1 33 12 62 39
0120_0022_0013_0064_0040.jpg 1 22 13 64 40
0121_0030_0027_0061_0038.jpg 1 30 27 61 38
0122_0030_0010_0066_0041.jpg 1 30 10 66 41
0123_0020_0051_0050_0031.jpg 1 20 51 50 31
0124_0032_0049_0048_0030.jpg 1 32 49 48 30
0125_0028_0011_0062_0039.jpg 1 28 11 62 39
0126_0008_0027_0057_0035.jpg 1 8 27 57 35
0127_0040_0054_0051_0032.jpg 1 40 54 51 32
0128_0033_0032_0056_0035.jpg 1 33 32 56 35
