0001_0006_0015_0068_0042.jpg 1 6 15 68 42
0002_0019_0018_0065_0041.jpg 1 19 18 65 41
0003_0018_0033_0062_0039.jpg 1 18 33 62 39
0004_0019_0051_0061_0038.jpg 1 19 51 61 38
0005_0040_0059_0048_0030.jpg 1 40 59 48 30
0006_0017_0057_0058_0036.jpg 1 17 57 58 36
0007_0044_0045_0049_0030.jpg 1 44 45 49 30
0008_0023_0028_0057_0035.jpg 1 23 28 57 35
0009_0029_0033_0059_0037.jpg 1 29 33 59 37
0010_0006_0048_0061_0038.jpg 1 6 48 61 38
0011_0017_0042_0056_0035.jpg 1 17 42 56 35
0012_0011_0020_0051_0031.jpg 1 11 20 51 31
0013_0017_0027_0064_0040.jpg 1 17 27 64 40
0014_0037_0007_0055_0034.jpg 1 37 7 55 34
0015_0023_0023_0067_0041.jpg 1 23 23 67 41
0016_0011_0012_0067_0042.jpg 1 11 12 67 42
0017_0033_0055_0061_0038.jpg 1 33 55 61 38
0018_0037_0061_0050_0031.jpg 1 37 61 50 31
0019_0037_0047_0055_0034.jpg 1 37 47 55 34
0020_0022_0050_0051_0032.jpg 1 22 50 51 32
0021_0012_0049_0067_0042.jpg 1 12 49 67 42
0022_0007_0025_0069_0043.jpg 1 7 25 69 43
0023_0023_0035_0068_0042.jpg 1 23 35 68 42
0024_0009_0046_0059_0037.jpg 1 9 46 59 37
0025_0026_0033_0064_0040.jpg 1 26 33 64 40
0026_0011_0009_0056_0035.jpg 1 11 9 56 35
0027_0027_0036_0057_0035.jpg 1 27 36 57 35
0028_0011_0050_0063_0039.jpg 1 11 50 63 39
0029_0011_0057_0057_0035.jpg 1 11 57 57 35
0030_0023_0016_0069_0043.jpg 1 23 16 69 43
0031_0013_0045_0055_0034.jpg 1 13 45 55 34
0032_0020_0014_0048_0030.jpg 1 20 14 48 30
0033_0011_0024_0064_0040.jpg 1 11 24 64 40
0034_0033_0025_0059_0037.jpg 1 33 25 59 37
0035_0021_0046_0054_0034.jpg 1 21 46 54 34
0036_0011_0018_0061_0038.jpg 1 11 18 61 38
0037_0016_0014_0059_0037.jpg 1 16 14 59 37
0038_0010_0054_0062_0039.jpg 1 10 54 62 39
0039_0019_0022_0057_0036.jpg 1 19 22 57 36
0040_0023_0050_0048_0030.jpg 1 23 50 48 30
0041_0005_0013_0068_0042.jpg 1 5 13 68 42
0042_0021_0024_0053_0033.jpg 1 21 24 53 33
0043_0042_0021_0053_0033.jpg 1 42 21 53 33
0044_0021_0051_0066_0041.jpg 1 21 51 66 41
0045_0015_0013_0062_0039.jpg 1 15 13 62 39
0046_0023_0009_0059_0037.jpg 1 23 9 59 37
0047_0007_0014_0062_0039.jpg 1 7 14 62 39
0048_0039_0009_0050_0031.jpg 1 39 9 50 31
0049_0035_0048_0060_0037.jpg 1 35 48 60 37
0050_0011_0019_0065_0041.jpg 1 11 19 65 41
0051_0003_0010_0064_0040.jpg 1 3 10 64 40
0052_0027_0007_0069_0043.jpg 1 27 7 69 43
0053_0007_0031_0053_0033.jpg 1 7 31 53 33
0054_0019_0031_0067_0042.jpg 1 19 31 67 42
0055_0035_0024_0050_0031.jpg 1 35 24 50 31
0056_0020_0041_0060_0037.jpg 1 20 41 60 37
0057_0026_0031_0061_0038.jpg 1 26 31 61 38
0058_0014_0030_0060_0038.jpg 1 14 30 60 38
0059_0008_0045_0062_0038.jpg 1 8 45 62 38
0060_0006_0027_0067_0042.jpg 1 6 27 67 42
0061_0018_0017_0053_0033.jpg 1 18 17 53 33
0062_0006_0042_0060_0037.jpg 1 6 42 60 37
0063_0015_0038_0060_0037.jpg 1 15 38 60 37
0064_0016_0028_0068_0042.jpg 1 16 28 68 42
0065_0009_0049_0066_0041.jpg 1 9 49 66 41
0066_0031_0035_0056_0035.jpg 1 31 35 56 35
0067_0006_0031_0062_0039.jpg 1 6 31 62 39
0068_0031_0017_0064_0040.jpg 1 31 17 64 40
0069_0009_0014_0066_0041.jpg 1 9 14 66 41
0070_0029_0023_0056_0035.jpg 1 29 23 56 35
0071_0015_0055_0059_0037.jpg 1 15 55 59 37
0072_0029_0023_0059_0036.jpg 1 29 23 59 36
0073_0006_0019_0050_0031.jpg 1 6 19 50 31
0074_0031_0037_0059_0037.jpg 1 31 37 59 37
0075_0007_0038_0055_0034.jpg 1 7 38 55 34
0076_0017_0032_0067_0042.jpg 1 17 32 67 42
0077_0033_0018_0052_0032.jpg 1 33 18 52 32
0078_0020_0051_0067_0042.jpg 1 20 51 67 42
0079_0015_0047_0052_0032.jpg 1 15 47 52 32
0080_0011_0013_0048_0030.jpg 1 11 13 48 30
0081_0016_0011_0069_0043.jpg 1 16 11 69 43
0082_0009_0022_0057_0035.jpg 1 9 22 57 35
0083_0037_0027_0055_0034.jpg 1 37 27 55 34
0084_0004_0034_0065_0040.jpg 1 4 34 65 40
0085_0022_0044_0064_0040.jpg 1 22 44 64 40
0086_0008_0006_0065_0040.jpg 1 8 6 65 40
0087_0015_0040_0053_0033.jpg 1 15 40 53 33
0088_0037_0031_0050_0031.jpg 1 37 31 50 31
0089_0037_0015_0051_0032.jpg 1 37 15 51 32
0090_0026_0006_0066_0041.jpg 1 26 6 66 41
0091_0035_0006_0052_0032.jpg 1 35 6 52 32
0092_0033_0047_0058_0036.jpg 1 33 47 58 36
0093_0005_0010_0063_0039.jpg 1 5 10 63 39
0094_0008_0013_0062_0039.jpg 1 8 13 62 39
0095_0034_0018_0060_0037.jpg 1 34 18 60 37
0096_0030_0034_0056_0035.jpg 1 30 34 56 35
0097_0031_0019_0058_0036.jpg 1 31 19 58 36
0098_0016_0043_0065_0041.jpg 1 16 43 65 41
0099_0009_0023_0069_0043.jpg 1 9 23 69 43
0100_0038_0009_0048_0030.jpg 1 38 9 48 30
0101_0014_0035_0062_0039.jpg 1 14 35 62 39
0102_0005_0020_0056_0035.jpg 1 5 20 56 35
0103_0017_0008_0051_0031.jpg 1 17 8 51 31
0104_0010_0038_0051_0032.jpg 1 10 38 51 32
0105_0036_0058_0050_0031.jpg 1 36 58 50 31
0106_0013_0047_0050_0031.jpg 1 13 47 50 31
0107_0046_0036_0048_0030.jpg 1 46 36 48 30
0108_0026_0029_0069_0043.jpg 1 26 29 69 43
0109_0004_0021_0060_0037.jpg 1 4 21 60 37
0110_0010_0058_0052_0032.jpg 1 10 58 52 32
0111_0022_0040_0051_0032.jpg 1 22 40 51 32
0112_0012_0019_0068_0042.jpg 1 12 19 68 42
0113_0008_0041_0067_0041.jpg 1 8 41 67 41
0114_0012_0039_0060_0037.jpg 1 12 39 60 37
0115_0026_0027_0064_0040.jpg 1 26 27 64 40
0116_0005_0046_0068_0042.jpg 1 5 46 68 42
0117_0039_0048_0050_0031.jpg 1 39 48 50 31
0118_0014_0029_0056_0035.jpg 1 14 29 56 35
0119_0003_0018_0068_0043.jpg 1 3 18 68 43
0120_0018_0014_0058_0036.jpg 1 18 14 58 36
0121_0040_0047_0053_0033.jpg 1 40 47 53 33
0122_0004_0037_0064_0040.jpg 1 4 37 64 40
0123_0014_0023_0060_0037.jpg 1 14 23 60 37
0124_0027_0015_0051_0032.jpg 1 27 15 51 32
0125_0020_0017_0068_0042.jpg 1 20 17 68 42
0126_0029_0047_0056_0035.jpg 1 29 47 56 35
0127_0006_0045_0067_0041.jpg 1 6 45 67 41
0128_0010_0023_0068_0042.jpg 1 10 23 68 42
0129_0035_0058_0052_0032.jpg 1 35 58 52 32
0130_0031_0040_0048_0030.jpg 1 31 40 48 30
0131_0007_0040_0063_0039.jpg 1 7 40 63 39
0132_0028_0035_0064_0040.jpg 1 28 35 64 40
0133_0036_0045_0057_0036.jpg 1 36 45 57 36
0134_0023_0032_0048_0030.jpg 1 23 32 48 30
0135_0025_0015_0067_0041.jpg 1 25 15 67 41
0136_0028_0041_0061_0038.jpg 1 28 41 61 38
0137_0037_0050_0055_0034.jpg 1 37 50 55 34
0138_0018_0043_0065_0041.jpg 1 18 43 65 41
0139_0031_0042_0049_0031.jpg 1 31 42 49 31
0140_0014_0033_0059_0037.jpg 1 14 33 59 37
0141_0017_0012_0069_0043.jpg 1 17 12 69 43
0142_0010_0009_0066_0041.jpg 1 10 9 66 41
0143_0024_0027_0055_0034.jpg 1 24 27 55 34
0144_0007_0010_0053_0033.jpg 1 7 10 53 33
0145_0020_0017_0062_0038.jpg 1 20 17 62 38
0146_0026_0058_0053_0033.jpg 1 26 58 53 33
0147_0041_0016_0050_0031.jpg 1 41 16 50 31
0148_0038_0054_0056_0035.jpg 1 38 54 56 35
0149_0006_0015_0063_0039.jpg 1 6 15 63 39
0150_0005_0037_0061_0038.jpg 1 5 37 61 38
0151_0018_0025_0051_0032.jpg 1 18 25 51 32
0152_0013_0043_0065_0041.jpg 1 13 43 65 41
0153_0004_0015_0053_0033.jpg 1 4 15 53 33
0154_0030_0047_0048_0030.jpg 1 30 47 48 30
0155_0023_0049_0067_0042.jpg 1 23 49 67 42
0156_0017_0015_0065_0040.jpg 1 17 15 65 40
0157_0012_0024_0054_0034.jpg 1 12 24 54 34
0158_0021_0046_0061_0038.jpg 1 21 46 61 38
0159_0020_0029_0063_0039.jpg 1 20 29 63 39
0160_0030_0027_0056_0035.jpg 1 30 27 56 35
0161_0023_0022_0068_0042.jpg 1 23 22 68 42
0162_0015_0045_0048_0030.jpg 1 15 45 48 30
0163_0045_0011_0048_0030.jpg 1 45 11 48 30
0164_0032_0036_0049_0031.jpg 1 32 36 49 31
0165_0012_0023_0053_0033.jpg 1 12 23 53 33
0166_0041_0037_0050_0031.jpg 1 41 37 50 31
0167_0027_0037_0062_0039.jpg 1 27 37 62 39
0168_0033_0035_0054_0034.jpg 1 33 35 54 34
0169_0006_0012_0052_0033.jpg 1 6 12 52 33
0170_0039_0062_0048_0030.jpg 1 39 62 48 30
0171_0026_0047_0055_0034.jpg 1 26 47 55 34
0172_0034_0053_0051_0032.jpg 1 34 53 51 32
0173_0020_0039_0054_0034.jpg 1 20 39 54 34
0174_0025_0017_0053_0033.jpg 1 25 17 53 33
0175_0031_0020_0059_0037.jpg 1 31 20 59 37
0176_0016_0053_0052_0032.jpg 1 16 53 52 32
0177_0023_0040_0059_0037.jpg 1 23 40 59 37
0178_0011_0019_0050_0031.jpg 1 11 19 50 31
0179_0017_0007_0069_0043.jpg 1 17 7 69 43
0180_0020_0011_0060_0037.jpg 1 20 11 60 37
0181_0010_0031_0048_0030.jpg 1 10 31 48 30
0182_0041_0060_0050_0031.jpg 1 41 60 50 31
0183_0017_0015_0064_0040.jpg 1 17 15 64 40
0184_0029_0020_0058_0036.jpg 1 29 20 58 36
0185_0013_0017_0054_0034.jpg 1 13 17 54 34
0186_0036_0045_0051_0032.jpg 1 36 45 51 32
0187_0014_0048_0053_0033.jpg 1 14 48 53 33
0188_0010_0021_0059_0037.jpg 1 10 21 59 37
0189_0028_0012_0066_0041.jpg 1 28 12 66 41
0190_0014_0050_0055_0034.jpg 1 14 50 55 34
0191_0028_0036_0068_0042.jpg 1 28 36 68 42
0192_0017_0020_0049_0030.jpg 1 17 20 49 30
0193_0012_0056_0060_0037.jpg 1 12 56 60 37
0194_0023_0040_0068_0042.jpg 1 23 40 68 42
0195_0016_0047_0069_0043.jpg 1 16 47 69 43
0196_0012_0018_0063_0039.jpg 1 12 18 63 39
0197_0035_0043_0056_0035.jpg 1 35 43 56 35
0198_0017_0025_0058_0036.jpg 1 17 25 58 36
0199_0007_0037_0062_0038.jpg 1 7 37 62 38
0200_0029_0032_0050_0031.jpg 1 29 32 50 31
0201_0016_0007_0069_0043.jpg 1 16 7 69 43
0202_0030_0009_0053_0033.jpg 1 30 9 53 33
0203_0014_0057_0052_0032.jpg 1 14 57 52 32
0204_0022_0030_0053_0033.jpg 1 22 30 53 33
0205_0013_0010_0062_0039.jpg 1 13 10 62 39
0206_0003_0033_0068_0042.jpg 1 3 33 68 42
0207_0032_0009_0061_0038.jpg 1 32 9 61 38
0208_0011_0037_0066_0041.jpg 1 11 37 66 41
0209_0004_0043_0060_0037.jpg 1 4 43 60 37
0210_0019_0013_0069_0043.jpg 1 19 13 69 43
0211_0014_0049_0060_0037.jpg 1 14 49 60 37
0212_0010_0049_0061_0038.jpg 1 10 49 61 38
0213_0017_0040_0060_0038.jpg 1 17 40 60 38
0214_0013_0037_0067_0041.jpg 1 13 37 67 41
0215_0022_0020_0068_0042.jpg 1 22 20 68 42
0216_0015_0050_0064_0040.jpg 1 15 50 64 40
0217_0029_0047_0053_0033.jpg 1 29 47 53 33
0218_0006_0032_0048_0030.jpg 1 6 32 48 30
0219_0004_0018_0059_0037.jpg 1 4 18 59 37
0220_0036_0019_0057_0036.jpg 1 36 19 57 36
0221_0007_0029_0049_0031.jpg 1 7 29 49 31
0222_0029_0034_0064_0040.jpg 1 29 34 64 40
0223_0016_0006_0056_0035.jpg 1 16 6 56 35
0224_0014_0018_0051_0032.jpg 1 14 18 51 32
0225_0035_0036_0059_0037.jpg 1 35 36 59 37
0226_0037_0025_0056_0035.jpg 1 37 25 56 35
0227_0030_0049_0060_0038.jpg 1 30 49 60 38
0228_0010_0024_0062_0039.jpg 1 10 24 62 39
0229_0021_0052_0058_0036.jpg 1 21 52 58 36
0230_0025_0022_0056_0035.jpg 1 25 22 56 35
0231_0029_0031_0054_0033.jpg 1 29 31 54 33
0232_0029_0033_0062_0038.jpg 1 29 33 62 38
0233_0011_0015_0068_0042.jpg 1 11 15 68 42
0234_0021_0058_0052_0032.jpg 1 21 58 52 32
0235_0007_0046_0069_0043.jpg 1 7 46 69 43
0236_0006_0035_0060_0037.jpg 1 6 35 60 37
0237_0039_0016_0054_0034.jpg 1 39 16 54 34
0238_0027_0022_0059_0037.jpg 1 27 22 59 37
0239_0008_0040_0051_0032.jpg 1 8 40 51 32
0240_0021_0017_0064_0040.jpg 1 21 17 64 40
0241_0019_0023_0051_0032.jpg 1 19 23 51 32
0242_0019_0051_0052_0032.jpg 1 19 51 52 32
0243_0004_0024_0069_0043.jpg 1 4 24 69 43
0244_0013_0010_0063_0039.jpg 1 13 10 63 39
0245_0037_0052_0050_0031.jpg 1 37 52 50 31
0246_0022_0012_0053_0033.jpg 1 22 12 53 33
0247_0017_0041_0049_0030.jpg 1 17 41 49 30
0248_0008_0021_0060_0038.jpg 1 8 21 60 38
0249_0037_0033_0053_0033.jpg 1 37 33 53 33
0250_0030_0011_0049_0030.jpg 1 30 11 49 30
0251_0029_0037_0064_0040.jpg 1 29 37 64 40
0252_0032_0006_0060_0038.jpg 1 32 6 60 38
0253_0023_0054_0062_0038.jpg 1 23 54 62 38
0254_0010_0026_0060_0037.jpg 1 10 26 60 37
0255_0025_0023_0050_0031.jpg 1 25 23 50 31
0256_0026_0057_0054_0033.jpg 1 26 57 54 33
