0001_0013_0017_0066_0041.jpg 1 13 17 66 41
0002_0022_0024_0064_0040.jpg 1 22 24 64 40
0003_0028_0020_0063_0039.jpg 1 28 20 63 39
0004_0015_0024_0066_0041.jpg 1 15 24 66 41
0005_0034_0056_0056_0035.jpg 1 34 56 56 35
0006_0022_0020_0062_0039.jpg 1 22 20 62 39
0007_0020_0044_0061_0038.jpg 1 20 44 61 38
0008_0014_0010_0054_0033.jpg 1 14 10 54 33
0009_0013_0010_0049_0030.jpg 1 13 10 49 30
0010_0025_0023_0055_0034.jpg 1 25 23 55 34
0011_0029_0039_0056_0035.jpg 1 29 39 56 35
0012_0012_0030_0054_0034.jpg 1 12 30 54 34
0013_0035_0055_0058_0036.jpg 1 35 55 58 36
0014_0013_0046_0064_0040.jpg 1 13 46 64 40
0015_0015_0029_0057_0035.jpg 1 15 29 57 35
0016_0033_0038_0060_0038.jpg 1 33 38 60 38
0017_0012_0009_0048_0030.jpg 1 12 9 48 30
0018_0014_0006_0062_0039.jpg 1 14 6 62 39
0019_0029_0034_0059_0037.jpg 1 29 34 59 37
0020_0023_0025_0067_0042.jpg 1 23 25 67 42
0021_0012_0043_0057_0036.jpg 1 12 43 57 36
0022_0011_0031_0055_0034.jpg 1 11 31 55 34
0023_0017_0044_0065_0041.jpg 1 17 44 65 41
0024_0027_0013_0055_0034.jpg 1 27 13 55 34
0025_0031_0051_0059_0037.jpg 1 31 51 59 37
0026_0027_0044_0057_0035.jpg 1 27 44 57 35
0027_0003_0038_0068_0043.jpg 1 3 38 68 43
0028_0021_0038_0052_0032.jpg 1 21 38 52 32
0029_0019_0012_0057_0036.jpg 1 19 12 57 36
0030_0034_0019_0051_0032.jpg 1 34 19 51 32
0031_0005_0007_0068_0042.jpg 1 5 7 68 42
0032_0030_0031_0065_0040.jpg 1 30 31 65 40
0033_0013_0043_0067_0042.jpg 1 13 43 67 42
0034_0037_0025_0054_0034.jpg 1 37 25 54 34
0035_0009_0036_0067_0041.jpg 1 9 36 67 41
0036_0018_0025_0067_0041.jpg 1 18 25 67 41
0037_0012_0008_0056_0035.jpg 1 12 8 56 35
0038_0037_0027_0055_0034.jpg 1 37 27 55 34
0039_0009_0021_0062_0039.jpg 1 9 21 62 39
0040_0008_0033_0054_0034.jpg 1 8 33 54 34
0041_0016_0007_0069_0043.jpg 1 16 7 69 43
0042_0012_0028_0068_0042.jpg 1 12 28 68 42
0043_0015_0024_0060_0037.jpg 1 15 24 60 37
0044_0009_0058_0056_0035.jpg 1 9 58 56 35
0045_0010_0048_0059_0037.jpg 1 10 48 59 37
0046_0025_0052_0051_0032.jpg 1 25 52 51 32
0047_0006_0027_0054_0034.jpg 1 6 27 54 34
0048_0025_0046_0057_0036.jpg 1 25 46 57 36
0049_0016_0007_0066_0041.jpg 1 16 7 66 41
0050_0007_0058_0053_0033.jpg 1 7 58 53 33
0051_0010_0015_0048_0030.jpg 1 10 15 48 30
0052_0006_0024_0060_0037.jpg 1 6 24 60 37
0053_0023_0006_0065_0041.jpg 1 23 6 65 41
0054_0005_0032_0050_0031.jpg 1 5 32 50 31
0055_0032_0014_0059_0036.jpg 1 32 14 59 36
0056_0007_0013_0068_0042.jpg 1 7 13 68 42
0057_0029_0026_0065_0041.jpg 1 29 26 65 41
0058_0023_0048_0064_0040.jpg 1 23 48 64 40
0059_0026_0013_0057_0036.jpg 1 26 13 57 36
0060_0018_0011_0064_0040.jpg 1 18 11 64 40
0061_0013_0008_0058_0036.jpg 1 13 8 58 36
0062_0034_0026_0052_0032.jpg 1 34 26 52 32
0063_0029_0055_0055_0034.jpg 1 29 55 55 34
0064_0010_0033_0061_0038.jpg 1 10 33 61 38
0065_0018_0029_0051_0032.jpg 1 18 29 51 32
0066_0004_0014_0064_0040.jpg 1 4 14 64 40
0067_0037_0034_0049_0030.jpg 1 37 34 49 30
0068_0008_0008_0069_0043.jpg 1 8 8 69 43
0069_0004_0043_0068_0042.jpg 1 4 43 68 42
0070_0012_0015_0056_0035.jpg 1 12 15 56 35
0071_0006_0050_0067_0041.jpg 1 6 50 67 41
0072_0031_0040_0056_0035.jpg 1 31 40 56 35
0073_0039_0043_0053_0033.jpg 1 39 43 53 33
0074_0027_0039_0065_0040.jpg 1 27 39 65 40
0075_0036_0050_0056_0035.jpg 1 36 50 56 35
0076_0010_0017_0053_0033.jpg 1 10 17 53 33
0077_0025_0052_0060_0037.jpg 1 25 52 60 37
0078_0005_0019_0064_0040.jpg 1 5 19 64 40
0079_0034_0048_0058_0036.jpg 1 34 48 58 36
0080_0010_0019_0056_0035.jpg 1 10 19 56 35
0081_0032_0015_0057_0035.jpg 1 32 15 57 35
0082_0026_0044_0063_0039.jpg 1 26 44 63 39
0083_0026_0037_0065_0041.jpg 1 26 37 65 41
0084_0028_0021_0059_0037.jpg 1 28 21 59 37
0085_0040_0025_0049_0031.jpg 1 40 25 49 31
0086_0030_0035_0053_0033.jpg 1 30 35 53 33
0087_0016_0030_0049_0031.jpg 1 16 30 49 31
0088_0016_0030_0056_0035.jpg 1 16 30 56 35
0089_0012_0025_0066_0041.jpg 1 12 25 66 41
0090_0011_0022_0058_0036.jpg 1 11 22 58 36
0091_0021_0046_0067_0041.jpg 1 21 46 67 41
0092_0005_0019_0049_0031.jpg 1 5 19 49 31
0093_0034_0009_0056_0035.jpg 1 34 9 56 35
0094_0011_0020_0057_0035.jpg 1 11 20 57 35
0095_0031_0039_0058_0036.jpg 1 31 39 58 36
0096_0005_0025_0067_0041.jpg 1 5 25 67 41
0097_0018_0016_0049_0030.jpg 1 18 16 49 30
0098_0022_0031_0060_0037.jpg 1 22 31 60 37
0099_0015_0038_0068_0043.jpg 1 15 38 68 43
0100_0030_0042_0052_0032.jpg 1 30 42 52 32
0101_0012_0035_0052_0032.jpg 1 12 35 52 32
0102_0013_0030_0067_0041.jpg 1 13 30 67 41
0103_0021_0007_0066_0041.jpg 1 21 7 66 41
0104_0009_0036_0060_0037.jpg 1 9 36 60 37
0105_0026_0046_0055_0034.jpg 1 26 46 55 34
0106_0013_0030_0062_0038.jpg 1 13 30 62 38
0107_0007_0018_0061_0038.jpg 1 7 18 61 38
0108_0012_0024_0048_0030.jpg 1 12 24 48 30
0109_0015_0045_0066_0041.jpg 1 15 45 66 41
0110_0018_0029_0052_0032.jpg 1 18 29 52 32
0111_0026_0016_0052_0032.jpg 1 26 16 52 32
0112_0031_0054_0060_0038.jpg 1 31 54 60 38
0113_0035_0038_0057_0036.jpg 1 35 38 57 36
0114_0014_0015_0058_0036.jpg 1 14 15 58 36
0115_0043_0056_0051_0032.jpg 1 43 56 51 32
0116_0018_0021_0053_0033.jpg 1 18 21 53 33
0117_0024_0011_0069_0043.jpg 1 24 11 69 43
0118_0029_0013_0051_0032.jpg 1 29 13 51 32
0119_0014_0022_0058_0036.jpg 1 14 22 58 36
0120_0017_0032_0055_0034.jpg 1 17 32 55 34
0121_0024_0025_0068_0042.jpg 1 24 25 68 42
0122_0018_0025_0055_0034.jpg 1 18 25 55 34
0123_0023_0009_0057_0035.jpg 1 23 9 57 35
0124_0007_0030_0048_0030.jpg 1 7 30 48 30
0125_0032_0037_0050_0031.jpg 1 32 37 50 31
0126_0036_0014_0051_0031.jpg 1 36 14 51 31
0127_0017_0038_0069_0043.jpg 1 17 38 69 43
0128_0021_0038_0061_0038.jpg 1 21 38 61 38
0129_0019_0054_0059_0037.jpg 1 19 54 59 37
0130_0037_0028_0057_0035.jpg 1 37 28 57 35
0131_0026_0012_0069_0043.jpg 1 26 12 69 43
0132_0023_0029_0063_0039.jpg 1 23 29 63 39
0133_0025_0012_0061_0038.jpg 1 25 12 61 38
0134_0042_0024_0051_0032.jpg 1 42 24 51 32
0135_0006_0055_0056_0035.jpg 1 6 55 56 35
0136_0023_0011_0053_0033.jpg 1 23 11 53 33
0137_0044_0011_0050_0031.jpg 1 44 11 50 31
0138_0027_0018_0054_0034.jpg 1 27 18 54 34
0139_0007_0038_0067_0042.jpg 1 7 38 67 42
0140_0005_0035_0049_0030.jpg 1 5 35 49 30
0141_0035_0012_0056_0035.jpg 1 35 12 56 35
0142_0033_0030_0054_0033.jpg 1 33 30 54 33
0143_0017_0028_0061_0038.jpg 1 17 28 61 38
0144_0016_0022_0067_0042.jpg 1 16 22 67 42
0145_0030_0006_0060_0037.jpg 1 30 6 60 37
0146_0031_0010_0051_0032.jpg 1 31 10 51 32
0147_0034_0013_0060_0037.jpg 1 34 13 60 37
0148_0010_0034_0069_0043.jpg 1 10 34 69 43
0149_0005_0054_0052_0032.jpg 1 5 54 52 32
0150_0017_0037_0061_0038.jpg 1 17 37 61 38
0151_0028_0036_0061_0038.jpg 1 28 36 61 38
0152_0034_0018_0056_0035.jpg 1 34 18 56 35
0153_0018_0048_0067_0042.jpg 1 18 48 67 42
0154_0010_0025_0057_0036.jpg 1 10 25 57 36
0155_0012_0044_0061_0038.jpg 1 12 44 61 38
0156_0025_0050_0067_0041.jpg 1 25 50 67 41
0157_0037_0051_0054_0034.jpg 1 37 51 54 34
0158_0015_0011_0060_0037.jpg 1 15 11 60 37
0159_0019_0041_0060_0037.jpg 1 19 41 60 37
0160_0033_0011_0049_0030.jpg 1 33 11 49 30
0161_0023_0030_0054_0033.jpg 1 23 30 54 33
0162_0019_0015_0057_0035.jpg 1 19 15 57 35
0163_0032_0036_0050_0031.jpg 1 32 36 50 31
0164_0012_0039_0056_0035.jpg 1 12 39 56 35
0165_0008_0018_0069_0043.jpg 1 8 18 69 43
0166_0031_0023_0052_0032.jpg 1 31 23 52 32
0167_0023_0048_0067_0042.jpg 1 23 48 67 42
0168_0021_0048_0061_0038.jpg 1 21 48 61 38
0169_0043_0047_0048_0030.jpg 1 43 47 48 30
0170_0006_0031_0068_0042.jpg 1 6 31 68 42
0171_0024_0020_0063_0039.jpg 1 24 20 63 39
0172_0026_0026_0057_0036.jpg 1 26 26 57 36
0173_0033_0021_0050_0031.jpg 1 33 21 50 31
0174_0009_0037_0064_0040.jpg 1 9 37 64 40
0175_0042_0043_0049_0031.jpg 1 42 43 49 31
0176_0012_0007_0067_0042.jpg 1 12 7 67 42
0177_0029_0020_0059_0037.jpg 1 29 20 59 37
0178_0037_0047_0052_0033.jpg 1 37 47 52 33
0179_0020_0054_0060_0037.jpg 1 20 54 60 37
0180_0004_0019_0060_0037.jpg 1 4 19 60 37
0181_0017_0049_0048_0030.jpg 1 17 49 48 30
0182_0031_0053_0058_0036.jpg 1 31 53 58 36
0183_0009_0052_0050_0031.jpg 1 9 52 50 31
0184_0028_0032_0052_0033.jpg 1 28 32 52 33
0185_0011_0038_0055_0034.jpg 1 11 38 55 34
0186_0025_0019_0064_0040.jpg 1 25 19 64 40
0187_0033_0018_0050_0031.jpg 1 33 18 50 31
0188_0019_0008_0057_0035.jpg 1 19 8 57 35
0189_0038_0022_0057_0036.jpg 1 38 22 57 36
0190_0036_0013_0052_0032.jpg 1 36 13 52 32
0191_0016_0006_0067_0042.jpg 1 16 6 67 42
0192_0015_0053_0064_0040.jpg 1 15 53 64 40
0193_0034_0040_0050_0031.jpg 1 34 40 50 31
0194_0011_0051_0064_0040.jpg 1 11 51 64 40
0195_0017_0021_0052_0032.jpg 1 17 21 52 32
0196_0032_0037_0059_0036.jpg 1 32 37 59 36
0197_0010_0017_0059_0037.jpg 1 10 17 59 37
0198_0024_0055_0061_0038.jpg 1 24 55 61 38
0199_0029_0052_0063_0039.jpg 1 29 52 63 39
0200_0034_0007_0051_0031.jpg 1 34 7 51 31
0201_0028_0033_0054_0034.jpg 1 28 33 54 34
0202_0017_0036_0066_0041.jpg 1 17 36 66 41
0203_0023_0039_0051_0032.jpg 1 23 39 51 32
0204_0008_0028_0063_0039.jpg 1 8 28 63 39
0205_0022_0040_0050_0031.jpg 1 22 40 50 31
0206_0029_0061_0050_0031.jpg 1 29 61 50 31
0207_0019_0016_0064_0040.jpg 1 19 16 64 40
0208_0011_0044_0058_0036.jpg 1 11 44 58 36
0209_0044_0059_0050_0031.jpg 1 44 59 50 31
0210_0035_0030_0051_0032.jpg 1 35 30 51 32
0211_0026_0017_0054_0034.jpg 1 26 17 54 34
0212_0027_0037_0067_0042.jpg 1 27 37 67 42
0213_0007_0030_0065_0040.jpg 1 7 30 65 40
0214_0004_0049_0056_0035.jpg 1 4 49 56 35
0215_0021_0053_0060_0038.jpg 1 21 53 60 38
0216_0040_0034_0052_0032.jpg 1 40 34 52 32
0217_0015_0036_0069_0043.jpg 1 15 36 69 43
0218_0023_0050_0054_0034.jpg 1 23 50 54 34
0219_0045_0015_0048_0030.jpg 1 45 15 48 30
0220_0018_0038_0055_0034.jpg 1 18 38 55 34
0221_0031_0021_0056_0035.jpg 1 31 21 56 35
0222_0023_0009_0059_0037.jpg 1 23 9 59 37
0223_0020_0021_0068_0042.jpg 1 20 21 68 42
0224_0025_0043_0068_0043.jpg 1 25 43 68 43
0225_0021_0036_0065_0040.jpg 1 21 36 65 40
0226_0028_0058_0055_0034.jpg 1 28 58 55 34
0227_0014_0026_0061_0038.jpg 1 14 26 61 38
0228_0014_0047_0061_0038.jpg 1 14 47 61 38
0229_0012_0046_0055_0034.jpg 1 12 46 55 34
0230_0034_0051_0057_0035.jpg 1 34 51 57 35
0231_0008_0028_0049_0030.jpg 1 8 28 49 30
0232_0021_0037_0061_0038.jpg 1 21 37 61 38
0233_0028_0016_0066_0041.jpg 1 28 16 66 41
0234_0021_0033_0053_0033.jpg 1 21 33 53 33
0235_0023_0037_0065_0041.jpg 1 23 37 65 41
0236_0028_0033_0065_0040.jpg 1 28 33 65 40
0237_0020_0014_0069_0043.jpg 1 20 14 69 43
0238_0032_0036_0058_0036.jpg 1 32 36 58 36
0239_0010_0032_0065_0041.jpg 1 10 32 65 41
0240_0014_0022_0056_0035.jpg 1 14 22 56 35
0241_0016_0041_0067_0042.jpg 1 16 41 67 42
0242_0023_0042_0062_0038.jpg 1 23 42 62 38
0243_0022_0022_0061_0038.jpg 1 22 22 61 38
0244_0030_0010_0060_0038.jpg 1 30 10 60 38
0245_0016_0040_0069_0043.jpg 1 16 40 69 43
0246_0008_0025_0053_0033.jpg 1 8 25 53 33
0247_0035_0013_0060_0037.jpg 1 35 13 60 37
0248_0010_0035_0067_0041.jpg 1 10 35 67 41
0249_0019_0052_0063_0039.jpg 1 19 52 63 39
0250_0033_0016_0053_0033.jpg 1 33 16 53 33
0251_0039_0014_0048_0030.jpg 1 39 14 48 30
0252_0009_0009_0064_0040.jpg 1 9 9 64 40
0253_0044_0027_0049_0030.jpg 1 44 27 49 30
0254_0026_0046_0067_0041.jpg 1 26 46 67 41
0255_0015_0037_0069_0043.jpg 1 15 37 69 43
0256_0037_0024_0058_0036.jpg 1 37 24 58 36
