0001_0039_0013_0048_0030.jpg 1 39 13 48 30
0002_0026_0014_0069_0043.jpg 1 26 14 69 43
0003_0039_0027_0049_0030.jpg 1 39 27 49 30
0004_0023_0047_0055_0034.jpg 1 23 47 55 34
0005_0020_0025_0063_0039.jpg 1 20 25 63 39
0006_0012_0021_0069_0043.jpg 1 12 21 69 43
0007_0010_0040_0064_0040.jpg 1 10 40 64 40
0008_0023_0051_0065_0040.jpg 1 23 51 65 40
0009_0024_0047_0064_0040.jpg 1 24 47 64 40
0010_0003_0049_0067_0041.jpg 1 3 49 67 41
0011_0026_0035_0068_0042.jpg 1 26 35 68 42
0012_0007_0006_0067_0042.jpg 1 7 6 67 42
0013_0032_0042_0061_0038.jpg 1 32 42 61 38
0014_0043_0029_0050_0031.jpg 1 43 29 50 31
0015_0007_0049_0059_0037.jpg 1 7 49 59 37
0016_0034_0051_0061_0038.jpg 1 34 51 61 38
0017_0021_0020_0063_0039.jpg 1 21 20 63 39
0018_0006_0022_0060_0037.jpg 1 6 22 60 37
0019_0006_0060_0049_0031.jpg 1 6 60 49 31
0020_0035_0036_0054_0033.jpg 1 35 36 54 33
0021_0023_0047_0058_0036.jpg 1 23 47 58 36
0022_0023_0046_0055_0034.jpg 1 23 46 55 34
0023_0028_0056_0049_0031.jpg 1 28 56 49 31
0024_0011_0017_0065_0040.jpg 1 11 17 65 40
0025_0026_0053_0061_0038.jpg 1 26 53 61 38
0026_0014_0030_0067_0042.jpg 1 14 30 67 42
0027_0024_0025_0058_0036.jpg 1 24 25 58 36
0028_0036_0018_0058_0036.jpg 1 36 18 58 36
0029_0016_0042_0059_0037.jpg 1 16 42 59 37
0030_0022_0058_0055_0034.jpg 1 22 58 55 34
0031_0004_0013_0069_0043.jpg 1 4 13 69 43
0032_0027_0051_0052_0033.jpg 1 27 51 52 33
0033_0024_0021_0066_0041.jpg 1 24 21 66 41
0034_0005_0045_0053_0033.jpg 1 5 45 53 33
0035_0034_0047_0058_0036.jpg 1 34 47 58 36
0036_0010_0042_0062_0039.jpg 1 10 42 62 39
0037_0040_0031_0049_0030.jpg 1 40 31 49 30
0038_0015_0034_0048_0030.jpg 1 15 34 48 30
0039_0031_0042_0065_0040.jpg 1 31 42 65 40
0040_0037_0054_0053_0033.jpg 1 37 54 53 33
0041_0039_0039_0056_0035.jpg 1 39 39 56 35
0042_0017_0045_0064_0040.jpg 1 17 45 64 40
0043_0009_0007_0062_0038.jpg 1 9 7 62 38
0044_0021_0036_0050_0031.jpg 1 21 36 50 31
0045_0020_0041_0064_0040.jpg 1 20 41 64 40
0046_0018_0054_0052_0032.jpg 1 18 54 52 32
0047_0008_0038_0052_0032.jpg 1 8 38 52 32
0048_0022_0023_0064_0040.jpg 1 22 23 64 40
0049_0046_0049_0048_0030.jpg 1 46 49 48 30
0050_0009_0051_0057_0036.jpg 1 9 51 57 36
0051_0009_0013_0066_0041.jpg 1 9 13 66 41
0052_0016_0013_0061_0038.jpg 1 16 13 61 38
0053_0032_0011_0048_0030.jpg 1 32 11 48 30
0054_0038_0031_0053_0033.jpg 1 38 31 53 33
0055_0030_0029_0063_0039.jpg 1 30 29 63 39
0056_0015_0058_0051_0032.jpg 1 15 58 51 32
0057_0017_0011_0055_0034.jpg 1 17 11 55 34
0058_0007_0031_0058_0036.jpg 1 7 31 58 36
0059_0029_0050_0050_0031.jpg 1 29 50 50 31
0060_0011_0031_0069_0043.jpg 1 11 31 69 43
0061_0009_0046_0050_0031.jpg 1 9 46 50 31
0062_0013_0019_0059_0037.jpg 1 13 19 59 37
0063_0024_0018_0059_0037.jpg 1 24 18 59 37
0064_0010_0030_0049_0031.jpg 1 10 30 49 31
0065_0024_0034_0069_0043.jpg 1 24 34 69 43
0066_0013_0045_0056_0035.jpg 1 13 45 56 35
0067_0015_0023_0068_0042.jpg 1 15 23 68 42
0068_0011_0015_0064_0040.jpg 1 11 15 64 40
0069_0007_0032_0065_0041.jpg 1 7 32 65 41
0070_0018_0025_0065_0040.jpg 1 18 25 65 40
0071_0018_0044_0061_0038.jpg 1 18 44 61 38
0072_0034_0048_0060_0037.jpg 1 34 48 60 37
0073_0029_0020_0063_0039.jpg 1 29 20 63 39
0074_0011_0034_0062_0039.jpg 1 11 34 62 39
0075_0020_0046_0060_0037.jpg 1 20 46 60 37
0076_0027_0061_0049_0031.jpg 1 27 61 49 31
0077_0014_0052_0065_0041.jpg 1 14 52 65 41
0078_0024_0033_0068_0042.jpg 1 24 33 68 42
0079_0009_0039_0054_0034.jpg 1 9 39 54 34
0080_0030_0018_0052_0032.jpg 1 30 18 52 32
0081_0033_0022_0050_0031.jpg 1 33 22 50 31
0082_0033_0030_0049_0031.jpg 1 33 30 49 31
0083_0029_0047_0059_0037.jpg 1 29 47 59 37
0084_0034_0026_0052_0033.jpg 1 34 26 52 33
0085_0028_0008_0065_0041.jpg 1 28 8 65 41
0086_0017_0027_0062_0038.jpg 1 17 27 62 38
0087_0032_0010_0050_0031.jpg 1 32 10 50 31
0088_0021_0010_0054_0033.jpg 1 21 10 54 33
0089_0025_0046_0054_0034.jpg 1 25 46 54 34
0090_0042_0037_0051_0032.jpg 1 42 37 51 32
0091_0012_0021_0069_0043.jpg 1 12 21 69 43
0092_0028_0057_0053_0033.jpg 1 28 57 53 33
0093_0026_0041_0049_0030.jpg 1 26 41 49 30
0094_0020_0010_0057_0035.jpg 1 20 10 57 35
0095_0006_0033_0054_0034.jpg 1 6 33 54 34
0096_0015_0023_0057_0036.jpg 1 15 23 57 36
0097_0006_0028_0056_0035.jpg 1 6 28 56 35
0098_0028_0058_0053_0033.jpg 1 28 58 53 33
0099_0023_0060_0050_0031.jpg 1 23 60 50 31
0100_0024_0025_0049_0031.jpg 1 24 25 49 31
0101_0011_0013_0052_0032.jpg 1 11 13 52 32
0102_0012_0040_0059_0037.jpg 1 12 40 59 37
0103_0008_0009_0058_0036.jpg 1 8 9 58 36
0104_0015_0007_0065_0041.jpg 1 15 7 65 41
0105_0026_0024_0068_0042.jpg 1 26 24 68 42
0106_0010_0036_0064_0040.jpg 1 10 36 64 40
0107_0016_0015_0063_0039.jpg 1 16 15 63 39
0108_0023_0045_0060_0037.jpg 1 23 45 60 37
0109_0027_0054_0063_0039.jpg 1 27 54 63 39
0110_0018_0028_0049_0030.jpg 1 18 28 49 30
0111_0016_0036_0069_0043.jpg 1 16 36 69 43
0112_0025_0020_0062_0039.jpg 1 25 20 62 39
0113_0011_0010_0063_0039.jpg 1 11 10 63 39
0114_0005_0041_0052_0032.jpg 1 5 41 52 32
0115_0026_0036_0060_0037.jpg 1 26 36 60 37
0116_0011_0037_0052_0032.jpg 1 11 37 52 32
0117_0015_0048_0062_0038.jpg 1 15 48 62 38
0118_0016_0029_0049_0031.jpg 1 16 29 49 31
0119_0029_0027_0057_0036.jpg 1 29 27 57 36
0120_0021_0055_0053_0033.jpg 1 21 55 53 33
0121_0023_0019_0069_0043.jpg 1 23 19 69 43
0122_0014_0028_0048_0030.jpg 1 14 28 48 30
0123_0018_0033_0056_0035.jpg 1 18 33 56 35
0124_0009_0020_0064_0040.jpg 1 9 20 64 40
0125_0036_0018_0057_0036.jpg 1 36 18 57 36
0126_0003_0023_0069_0043.jpg 1 3 23 69 43
0127_0011_0045_0062_0039.jpg 1 11 45 62 39
0128_0005_0055_0057_0035.jpg 1 5 55 57 35
