0001_0011_0031_0062_0038.jpg 1 11 31 62 38
0002_0011_0027_0057_0035.jpg 1 11 27 57 35
0003_0004_0029_0063_0039.jpg 1 4 29 63 39
0004_0034_0028_0055_0034.jpg 1 34 28 55 34
0005_0012_0023_0049_0030.jpg 1 12 23 49 30
0006_0008_0030_0068_0042.jpg 1 8 30 68 42
0007_0014_0044_0065_0041.jpg 1 14 44 65 41
0008_0032_0024_0060_0038.jpg 1 32 24 60 38
0009_0019_0058_0048_0030.jpg 1 19 58 48 30
0010_0032_0050_0050_0031.jpg 1 32 50 50 31
0011_0025_0016_0069_0043.jpg 1 25 16 69 43
0012_0013_0033_0063_0039.jpg 1 13 33 63 39
0013_0017_0018_0050_0031.jpg 1 17 18 50 31
0014_0015_0021_0051_0032.jpg 1 15 21 51 32
0015_0019_0007_0057_0035.jpg 1 19 7 57 35
0016_0017_0022_0056_0035.jpg 1 17 22 56 35
0017_0021_0048_0063_0039.jpg 1 21 48 63 39
0018_0005_0052_0052_0032.jpg 1 5 52 52 32
0019_0016_0041_0064_0040.jpg 1 16 41 64 40
0020_0007_0010_0056_0035.jpg 1 7 10 56 35
0021_0023_0025_0065_0041.jpg 1 23 25 65 41
0022_0005_0045_0061_0038.jpg 1 5 45 61 38
0023_0010_0040_0049_0030.jpg 1 10 40 49 30
0024_0025_0030_0067_0042.jpg 1 25 30 67 42
0025_0030_0041_0054_0033.jpg 1 30 41 54 33
0026_0039_0012_0053_0033.jpg 1 39 12 53 33
0027_0027_0029_0067_0042.jpg 1 27 29 67 42
0028_0041_0059_0052_0032.jpg 1 41 59 52 32
0029_0005_0028_0061_0038.jpg 1 5 28 61 38
0030_0005_0049_0054_0033.jpg 1 5 49 54 33
0031_0010_0015_0057_0035.jpg 1 10 15 57 35
0032_0032_0051_0056_0035.jpg 1 32 51 56 35
0033_0040_0047_0053_0033.jpg 1 40 47 53 33
0034_0018_0040_0068_0042.jpg 1 18 40 68 42
0035_0015_0011_0067_0042.jpg 1 15 11 67 42
0036_0015_0053_0057_0035.jpg 1 15 53 57 35
0037_0017_0048_0067_0042.jpg 1 17 48 67 42
0038_0020_0029_0059_0037.jpg 1 20 29 59 37
0039_0015_0012_0067_0042.jpg 1 15 12 67 42
0040_0036_0027_0052_0032.jpg 1 36 27 52 32
0041_0011_0031_0058_0036.jpg 1 11 31 58 36
0042_0011_0020_0059_0037.jpg 1 11 20 59 37
0043_0031_0023_0049_0030.jpg 1 31 23 49 30
0044_0018_0045_0066_0041.jpg 1 18 45 66 41
0045_0020_0030_0068_0042.jpg 1 20 30 68 42
0046_0010_0047_0065_0040.jpg 1 10 47 65 40
0047_0025_0006_0063_0039.jpg 1 25 6 63 39
0048_0015_0032_0051_0032.jpg 1 15 32 51 32
0049_0014_0015_0064_0040.jpg 1 14 15 64 40
0050_0017_0012_0069_0043.jpg 1 17 12 69 43
0051_0010_0027_0068_0042.jpg 1 10 27 68 42
0052_0017_0056_0056_0035.jpg 1 17 56 56 35
0053_0027_0024_0049_0030.jpg 1 27 24 49 30
0054_0012_0028_0068_0042.jpg 1 12 28 68 42
0055_0020_0014_0066_0041.jpg 1 20 14 66 41
0056_0008_0051_0065_0040.jpg 1 8 51 65 40
0057_0025_0053_0052_0032.jpg 1 25 53 52 32
0058_0005_0009_0068_0042.jpg 1 5 9 68 42
0059_0033_0049_0057_0035.jpg 1 33 49 57 35
0060_0017_0049_0060_0037.jpg 1 17 49 60 37
0061_0026_0012_0058_0036.jpg 1 26 12 58 36
0062_0023_0040_0069_0043.jpg 1 23 40 69 43
0063_0017_0028_0059_0036.jpg 1 17 28 59 36
0064_0034_0021_0061_0038.jpg 1 34 21 61 38
0065_0019_0029_0063_0039.jpg 1 19 29 63 39
0066_0030_0010_0059_0037.jpg 1 30 10 59 37
0067_0031_0033_0063_0039.jpg 1 31 33 63 39
0068_0012_0010_0067_0042.jpg 1 12 10 67 42
0069_0021_0056_0048_0030.jpg 1 21 56 48 30
0070_0006_0023_0061_0038.jpg 1 6 23 61 38
0071_0004_0054_0061_0038.jpg 1 4 54 61 38
0072_0007_0041_0062_0039.jpg 1 7 41 62 39
0073_0023_0040_0063_0039.jpg 1 23 40 63 39
0074_0030_0045_0053_0033.jpg 1 30 45 53 33
0075_0008_0052_0058_0036.jpg 1 8 52 58 36
0076_0010_0034_0062_0039.jpg 1 10 34 62 39
0077_0004_0010_0068_0042.jpg 1 4 10 68 42
0078_0020_0032_0063_0039.jpg 1 20 32 63 39
0079_0041_0026_0051_0032.jpg 1 41 26 51 32
0080_0016_0015_0049_0030.jpg 1 16 15 49 30
0081_0032_0036_0057_0036.jpg 1 32 36 57 36
0082_0014_0010_0050_0031.jpg 1 14 10 50 31
0083_0013_0014_0067_0042.jpg 1 13 14 67 42
0084_0037_0032_0058_0036.jpg 1 37 32 58 36
0085_0016_0053_0061_0038.jpg 1 16 53 61 38
0086_0021_0058_0049_0030.jpg 1 21 58 49 30
0087_0018_0045_0056_0035.jpg 1 18 45 56 35
0088_0005_0037_0069_0043.jpg 1 5 37 69 43
0089_0020_0041_0058_0036.jpg 1 20 41 58 36
0090_0018_0039_0058_0036.jpg 1 18 39 58 36
0091_0022_0009_0053_0033.jpg 1 22 9 53 33
0092_0020_0046_0061_0038.jpg 1 20 46 61 38
0093_0028_0059_0051_0032.jpg 1 28 59 51 32
0094_0011_0046_0064_0040.jpg 1 11 46 64 40
0095_0024_0036_0069_0043.jpg 1 24 36 69 43
0096_0044_0054_0049_0030.jpg 1 44 54 49 30
0097_0006_0029_0053_0033.jpg 1 6 29 53 33
0098_0029_0041_0060_0037.jpg 1 29 41 60 37
0099_0006_0049_0066_0041.jpg 1 6 49 66 41
0100_0013_0017_0055_0034.jpg 1 13 17 55 34
0101_0033_0038_0061_0038.jpg 1 33 38 61 38
0102_0020_0042_0066_0041.jpg 1 20 42 66 41
0103_0013_0030_0054_0034.jpg 1 13 30 54 34
0104_0023_0015_0048_0030.jpg 1 23 15 48 30
0105_0021_0046_0051_0031.jpg 1 21 46 51 31
0106_0019_0034_0053_0033.jpg 1 19 34 53 33
0107_0031_0020_0054_0034.jpg 1 31 20 54 34
0108_0014_0010_0048_0030.jpg 1 14 10 48 30
0109_0013_0016_0063_0039.jpg 1 13 16 63 39
0110_0026_0051_0069_0043.jpg 1 26 51 69 43
0111_0028_0050_0062_0038.jpg 1 28 50 62 38
0112_0035_0013_0049_0030.jpg 1 35 13 49 30
0113_0026_0032_0053_0033.jpg 1 26 32 53 33
0114_0029_0052_0065_0041.jpg 1 29 52 65 41
0115_0034_0056_0049_0030.jpg 1 34 56 49 30
0116_0024_0023_0065_0040.jpg 1 24 23 65 40
0117_0016_0029_0068_0042.jpg 1 16 29 68 42
0118_0014_0032_0054_0034.jpg 1 14 32 54 34
0119_0007_0012_0051_0031.jpg 1 7 12 51 31
0120_0006_0029_0058_0036.jpg 1 6 29 58 36
0121_0006_0043_0068_0043.jpg 1 6 43 68 43
0122_0006_0045_0052_0033.jpg 1 6 45 52 33
0123_0017_0029_0061_0038.jpg 1 17 29 61 38
0124_0020_0024_0064_0040.jpg 1 20 24 64 40
0125_0035_0044_0052_0032.jpg 1 35 44 52 32
0126_0020_0036_0068_0042.jpg 1 20 36 68 42
0127_0009_0052_0059_0037.jpg 1 9 52 59 37
0128_0014_0045_0049_0031.jpg 1 14 45 49 31
