0001_0017_0013_0061_0038.jpg 1 17 13 61 38
0002_0022_0037_0054_0033.jpg 1 22 37 54 33
0003_0024_0016_0054_0034.jpg 1 24 16 54 34
0004_0017_0041_0069_0043.jpg 1 17 41 69 43
0005_0019_0037_0064_0040.jpg 1 19 37 64 40
0006_0032_0027_0057_0035.jpg 1 32 27 57 35
0007_0024_0028_0048_0030.jpg 1 24 28 48 30
0008_0022_0054_0063_0039.jpg 1 22 54 63 39
0009_0027_0043_0065_0041.jpg 1 27 43 65 41
0010_0037_0023_0058_0036.jpg 1 37 23 58 36
0011_0014_0019_0057_0035.jpg 1 14 19 57 35
0012_0022_0045_0061_0038.jpg 1 22 45 61 38
0013_0025_0021_0049_0030.jpg 1 25 21 49 30
0014_0005_0046_0059_0037.jpg 1 5 46 59 37
0015_0023_0044_0063_0039.jpg 1 23 44 63 39
0016_0009_0011_0057_0036.jpg 1 9 11 57 36
0017_0013_0054_0050_0031.jpg 1 13 54 50 31
0018_0028_0034_0048_0030.jpg 1 28 34 48 30
0019_0021_0051_0049_0030.jpg 1 21 51 49 30
0020_0007_0033_0068_0042.jpg 1 7 33 68 42
0021_0004_0013_0058_0036.jpg 1 4 13 58 36
0022_0006_0044_0048_0030.jpg 1 6 44 48 30
0023_0019_0045_0056_0035.jpg 1 19 45 56 35
0024_0027_0020_0066_0041.jpg 1 27 20 66 41
0025_0008_0053_0056_0035.jpg 1 8 53 56 35
0026_0008_0012_0064_0040.jpg 1 8 12 64 40
0027_0040_0017_0048_0030.jpg 1 40 17 48 30
0028_0031_0014_0051_0031.jpg 1 31 14 51 31
0029_0005_0019_0068_0042.jpg 1 5 19 68 42
0030_0008_0015_0052_0032.jpg 1 8 15 52 32
0031_0018_0032_0068_0042.jpg 1 18 32 68 42
0032_0035_0046_0059_0037.jpg 1 35 46 59 37
0033_0019_0008_0065_0040.jpg 1 19 8 65 40
0034_0012_0017_0066_0041.jpg 1 12 17 66 41
0035_0038_0018_0057_0035.jpg 1 38 18 57 35
0036_0029_0031_0061_0038.jpg 1 29 31 61 38
0037_0004_0038_0068_0042.jpg 1 4 38 68 42
0038_0030_0009_0066_0041.jpg 1 30 9 66 41
0039_0016_0011_0068_0042.jpg 1 16 11 68 42
0040_0041_0007_0050_0031.jpg 1 41 7 50 31
0041_0016_0017_0062_0038.jpg 1 16 17 62 38
0042_0021_0048_0056_0035.jpg 1 21 48 56 35
0043_0013_0028_0060_0037.jpg 1 13 28 60 37
0044_0023_0026_0067_0041.jpg 1 23 26 67 41
0045_0005_0052_0065_0041.jpg 1 5 52 65 41
0046_0032_0027_0057_0035.jpg 1 32 27 57 35
0047_0027_0042_0066_0041.jpg 1 27 42 66 41
0048_0024_0044_0064_0040.jpg 1 24 44 64 40
0049_0029_0029_0064_0040.jpg 1 29 29 64 40
0050_0034_0031_0055_0034.jpg 1 34 31 55 34
0051_0015_0017_0061_0038.jpg 1 15 17 61 38
0052_0011_0057_0058_0036.jpg 1 11 57 58 36
0053_0014_0048_0068_0042.jpg 1 14 48 68 42
0054_0027_0052_0055_0034.jpg 1 27 52 55 34
0055_0032_0025_0050_0031.jpg 1 32 25 50 31
0056_0027_0036_0061_0038.jpg 1 27 36 61 38
0057_0027_0013_0067_0042.jpg 1 27 13 67 42
0058_0016_0036_0061_0038.jpg 1 16 36 61 38
0059_0014_0057_0058_0036.jpg 1 14 57 58 36
0060_0040_0007_0050_0031.jpg 1 40 7 50 31
0061_0016_0030_0050_0031.jpg 1 16 30 50 31
0062_0009_0054_0061_0038.jpg 1 9 54 61 38
0063_0034_0032_0051_0032.jpg 1 34 32 51 32
0064_0032_0032_0054_0033.jpg 1 32 32 54 33
0065_0018_0027_0067_0042.jpg 1 18 27 67 42
0066_0019_0032_0048_0030.jpg 1 19 32 48 30
0067_0014_0007_0052_0032.jpg 1 14 7 52 32
0068_0030_0036_0058_0036.jpg 1 30 36 58 36
0069_0004_0050_0069_0043.jpg 1 4 50 69 43
0070_0010_0037_0055_0034.jpg 1 10 37 55 34
0071_0018_0036_0067_0042.jpg 1 18 36 67 42
0072_0030_0046_0066_0041.jpg 1 30 46 66 41
0073_0034_0026_0054_0033.jpg 1 34 26 54 33
0074_0010_0044_0058_0036.jpg 1 10 44 58 36
0075_0011_0053_0050_0031.jpg 1 11 53 50 31
0076_0023_0023_0068_0042.jpg 1 23 23 68 42
0077_0030_0023_0058_0036.jpg 1 30 23 58 36
0078_0008_0044_0058_0036.jpg 1 8 44 58 36
0079_0013_0040_0050_0031.jpg 1 13 40 50 31
0080_0039_0015_0050_0031.jpg 1 39 15 50 31
0081_0026_0017_0053_0033.jpg 1 26 17 53 33
0082_0024_0044_0063_0039.jpg 1 24 44 63 39
0083_0009_0034_0063_0039.jpg 1 9 34 63 39
0084_0007_0027_0050_0031.jpg 1 7 27 50 31
0085_0006_0031_0065_0040.jpg 1 6 31 65 40
0086_0027_0055_0058_0036.jpg 1 27 55 58 36
0087_0035_0030_0056_0035.jpg 1 35 30 56 35
0088_0015_0007_0065_0041.jpg 1 15 7 65 41
0089_0040_0041_0052_0032.jpg 1 40 41 52 32
0090_0015_0014_0061_0038.jpg 1 15 14 61 38
0091_0018_0044_0061_0038.jpg 1 18 44 61 38
0092_0026_0008_0063_0039.jpg 1 26 8 63 39
0093_0037_0056_0051_0032.jpg 1 37 56 51 32
0094_0018_0027_0068_0042.jpg 1 18 27 68 42
0095_0011_0038_0069_0043.jpg 1 11 38 69 43
0096_0007_0051_0062_0039.jpg 1 7 51 62 39
0097_0035_0027_0054_0034.jpg 1 35 27 54 34
0098_0046_0057_0048_0030.jpg 1 46 57 48 30
0099_0023_0040_0066_0041.jpg 1 23 40 66 41
0100_0014_0017_0060_0037.jpg 1 14 17 60 37
0101_0027_0034_0060_0037.jpg 1 27 34 60 37
0102_0045_0012_0049_0030.jpg 1 45 12 49 30
0103_0025_0042_0055_0034.jpg 1 25 42 55 34
0104_0008_0053_0054_0034.jpg 1 8 53 54 34
0105_0024_0019_0069_0043.jpg 1 24 19 69 43
0106_0028_0032_0051_0032.jpg 1 28 32 51 32
0107_0025_0018_0052_0032.jpg 1 25 18 52 32
0108_0015_0016_0066_0041.jpg 1 15 16 66 41
0109_0009_0040_0069_0043.jpg 1 9 40 69 43
0110_0003_0026_0069_0043.jpg 1 3 26 69 43
0111_0029_0027_0058_0036.jpg 1 29 27 58 36
0112_0011_0007_0057_0036.jpg 1 11 7 57 36
0113_0009_0046_0052_0033.jpg 1 9 46 52 33
0114_0026_0023_0067_0042.jpg 1 26 23 67 42
0115_0014_0060_0053_0033.jpg 1 14 60 53 33
0116_0036_0043_0050_0031.jpg 1 36 43 50 31
0117_0007_0042_0064_0040.jpg 1 7 42 64 40
0118_0023_0032_0053_0033.jpg 1 23 32 53 33
0119_0032_0044_0058_0036.jpg 1 32 44 58 36
0120_0025_0056_0058_0036.jpg 1 25 56 58 36
0121_0018_0013_0061_0038.jpg 1 18 13 61 38
0122_0029_0018_0064_0040.jpg 1 29 18 64 40
0123_0030_0022_0060_0037.jpg 1 30 22 60 37
0124_0043_0056_0050_0031.jpg 1 43 56 50 31
0125_0005_0038_0062_0038.jpg 1 5 38 62 38
0126_0019_0054_0050_0031.jpg 1 19 54 50 31
0127_0016_0030_0052_0033.jpg 1 16 30 52 33
0128_0024_0041_0068_0043.jpg 1 24 41 68 43
0129_0011_0044_0066_0041.jpg 1 11 44 66 41
0130_0028_0008_0066_0041.jpg 1 28 8 66 41
0131_0017_0008_0049_0031.jpg 1 17 8 49 31
0132_0015_0055_0061_0038.jpg 1 15 55 61 38
0133_0016_0009_0054_0033.jpg 1 16 9 54 33
0134_0016_0034_0058_0036.jpg 1 16 34 58 36
0135_0040_0026_0050_0031.jpg 1 40 26 50 31
0136_0019_0039_0049_0030.jpg 1 19 39 49 30
0137_0012_0042_0066_0041.jpg 1 12 42 66 41
0138_0035_0057_0055_0034.jpg 1 35 57 55 34
0139_0017_0047_0052_0032.jpg 1 17 47 52 32
0140_0029_0025_0061_0038.jpg 1 29 25 61 38
0141_0014_0024_0063_0039.jpg 1 14 24 63 39
0142_0035_0034_0052_0032.jpg 1 35 34 52 32
0143_0032_0036_0056_0035.jpg 1 32 36 56 35
0144_0037_0028_0056_0035.jpg 1 37 28 56 35
0145_0033_0019_0059_0037.jpg 1 33 19 59 37
0146_0008_0022_0065_0040.jpg 1 8 22 65 40
0147_0040_0024_0053_0033.jpg 1 40 24 53 33
0148_0033_0014_0055_0034.jpg 1 33 14 55 34
0149_0026_0015_0059_0037.jpg 1 26 15 59 37
0150_0019_0054_0058_0036.jpg 1 19 54 58 36
0151_0033_0037_0051_0032.jpg 1 33 37 51 32
0152_0009_0030_0057_0036.jpg 1 9 30 57 36
0153_0019_0029_0050_0031.jpg 1 19 29 50 31
0154_0015_0006_0067_0042.jpg 1 15 6 67 42
0155_0019_0042_0065_0040.jpg 1 19 42 65 40
0156_0043_0040_0048_0030.jpg 1 43 40 48 30
0157_0032_0043_0059_0037.jpg 1 32 43 59 37
0158_0024_0048_0062_0039.jpg 1 24 48 62 39
0159_0029_0044_0058_0036.jpg 1 29 44 58 36
0160_0012_0041_0048_0030.jpg 1 12 41 48 30
0161_0023_0012_0069_0043.jpg 1 23 12 69 43
0162_0022_0007_0056_0035.jpg 1 22 7 56 35
0163_0020_0035_0069_0043.jpg 1 20 35 69 43
0164_0011_0052_0064_0040.jpg 1 11 52 64 40
0165_0018_0019_0049_0030.jpg 1 18 19 49 30
0166_0028_0020_0067_0042.jpg 1 28 20 67 42
0167_0021_0055_0057_0035.jpg 1 21 55 57 35
0168_0033_0035_0057_0036.jpg 1 33 35 57 36
0169_0005_0023_0069_0043.jpg 1 5 23 69 43
0170_0030_0060_0052_0032.jpg 1 30 60 52 32
0171_0018_0034_0057_0035.jpg 1 18 34 57 35
0172_0028_0056_0051_0032.jpg 1 28 56 51 32
0173_0031_0023_0061_0038.jpg 1 31 23 61 38
0174_0018_0020_0065_0041.jpg 1 18 20 65 41
0175_0018_0050_0051_0031.jpg 1 18 50 51 31
0176_0023_0017_0050_0031.jpg 1 23 17 50 31
0177_0018_0038_0062_0039.jpg 1 18 38 62 39
0178_0013_0032_0054_0033.jpg 1 13 32 54 33
0179_0016_0032_0067_0042.jpg 1 16 32 67 42
0180_0012_0050_0062_0039.jpg 1 12 50 62 39
0181_0014_0022_0066_0041.jpg 1 14 22 66 41
0182_0024_0013_0054_0034.jpg 1 24 13 54 34
0183_0026_0020_0059_0037.jpg 1 26 20 59 37
0184_0025_0037_0067_0042.jpg 1 25 37 67 42
0185_0018_0043_0053_0033.jpg 1 18 43 53 33
0186_0018_0009_0050_0031.jpg 1 18 9 50 31
0187_0013_0008_0060_0037.jpg 1 13 8 60 37
0188_0029_0053_0062_0039.jpg 1 29 53 62 39
0189_0004_0010_0068_0042.jpg 1 4 10 68 42
0190_0020_0037_0066_0041.jpg 1 20 37 66 41
0191_0018_0016_0060_0037.jpg 1 18 16 60 37
0192_0029_0052_0050_0031.jpg 1 29 52 50 31
0193_0004_0044_0064_0040.jpg 1 4 44 64 40
0194_0016_0044_0068_0042.jpg 1 16 44 68 42
0195_0010_0045_0062_0039.jpg 1 10 45 62 39
0196_0011_0051_0063_0039.jpg 1 11 51 63 39
0197_0037_0047_0052_0032.jpg 1 37 47 52 32
0198_0011_0050_0060_0037.jpg 1 11 50 60 37
0199_0010_0019_0064_0040.jpg 1 10 19 64 40
0200_0030_0043_0059_0037.jpg 1 30 43 59 37
0201_0012_0040_0065_0040.jpg 1 12 40 65 40
0202_0006_0052_0066_0041.jpg 1 6 52 66 41
0203_0023_0044_0062_0038.jpg 1 23 44 62 38
0204_0020_0030_0058_0036.jpg 1 20 30 58 36
0205_0020_0044_0064_0040.jpg 1 20 44 64 40
0206_0006_0040_0052_0033.jpg 1 6 40 52 33
0207_0004_0012_0060_0037.jpg 1 4 12 60 37
0208_0016_0024_0054_0034.jpg 1 16 24 54 34
0209_0024_0038_0065_0040.jpg 1 24 38 65 40
0210_0013_0050_0062_0039.jpg 1 13 50 62 39
0211_0008_0011_0054_0034.jpg 1 8 11 54 34
0212_0019_0008_0062_0038.jpg 1 19 8 62 38
0213_0033_0006_0063_0039.jpg 1 33 6 63 39
0214_0028_0049_0051_0032.jpg 1 28 49 51 32
0215_0012_0024_0063_0039.jpg 1 12 24 63 39
0216_0020_0018_0054_0034.jpg 1 20 18 54 34
0217_0022_0018_0066_0041.jpg 1 22 18 66 41
0218_0023_0045_0059_0037.jpg 1 23 45 59 37
0219_0038_0032_0051_0032.jpg 1 38 32 51 32
0220_0019_0016_0063_0039.jpg 1 19 16 63 39
0221_0035_0020_0052_0032.jpg 1 35 20 52 32
0222_0017_0021_0066_0041.jpg 1 17 21 66 41
0223_0025_0024_0068_0042.jpg 1 25 24 68 42
0224_0008_0050_0068_0042.jpg 1 8 50 68 42
0225_0025_0047_0063_0039.jpg 1 25 47 63 39
0226_0029_0054_0063_0039.jpg 1 29 54 63 39
0227_0021_0045_0065_0041.jpg 1 21 45 65 41
0228_0009_0026_0058_0036.jpg 1 9 26 58 36
0229_0006_0016_0054_0033.jpg 1 6 16 54 33
0230_0031_0019_0059_0037.jpg 1 31 19 59 37
0231_0019_0013_0060_0038.jpg 1 19 13 60 38
0232_0044_0016_0048_0030.jpg 1 44 16 48 30
0233_0004_0030_0061_0038.jpg 1 4 30 61 38
0234_0027_0008_0065_0040.jpg 1 27 8 65 40
0235_0014_0028_0062_0038.jpg 1 14 28 62 38
0236_0037_0040_0053_0033.jpg 1 37 40 53 33
0237_0020_0038_0067_0041.jpg 1 20 38 67 41
0238_0026_0009_0054_0033.jpg 1 26 9 54 33
0239_0031_0011_0065_0041.jpg 1 31 11 65 41
0240_0027_0009_0056_0035.jpg 1 27 9 56 35
0241_0016_0042_0061_0038.jpg 1 16 42 61 38
0242_0007_0057_0054_0034.jpg 1 7 57 54 34
0243_0029_0054_0053_0033.jpg 1 29 54 53 33
0244_0005_0027_0066_0041.jpg 1 5 27 66 41
0245_0013_0048_0061_0038.jpg 1 13 48 61 38
0246_0011_0021_0058_0036.jpg 1 11 21 58 36
0247_0032_0047_0061_0038.jpg 1 32 47 61 38
0248_0023_0012_0057_0035.jpg 1 23 12 57 35
0249_0016_0056_0054_0034.jpg 1 16 56 54 34
0250_0012_0017_0067_0042.jpg 1 12 17 67 42
0251_0028_0052_0056_0035.jpg 1 28 52 56 35
0252_0011_0039_0059_0037.jpg 1 11 39 59 37
0253_0027_0022_0062_0039.jpg 1 27 22 62 39
0254_0031_0020_0064_0040.jpg 1 31 20 64 40
0255_0013_0028_0050_0031.jpg 1 13 28 50 31
0256_0016_0035_0065_0041.jpg 1 16 35 65 41
