0001_0021_0019_0058_0036.jpg 1 21 19 58 36
0002_0025_0033_0066_0041.jpg 1 25 33 66 41
0003_0010_0023_0069_0043.jpg 1 10 23 69 43
0004_0022_0050_0056_0035.jpg 1 22 50 56 35
0005_0006_0013_0068_0042.jpg 1 6 13 68 42
0006_0015_0009_0065_0041.jpg 1 15 9 65 41
0007_0023_0011_0065_0041.jpg 1 23 11 65 41
0008_0010_0051_0058_0036.jpg 1 10 51 58 36
0009_0023_0041_0061_0038.jpg 1 23 41 61 38
0010_0030_0049_0048_0030.jpg 1 30 49 48 30
0011_0022_0044_0048_0030.jpg 1 22 44 48 30
0012_0005_0010_0069_0043.jpg 1 5 10 69 43
0013_0013_0011_0062_0039.jpg 1 13 11 62 39
0014_0029_0038_0059_0036.jpg 1 29 38 59 36
0015_0036_0031_0055_0034.jpg 1 36 31 55 34
0016_0007_0036_0061_0038.jpg 1 7 36 61 38
0017_0027_0061_0048_0030.jpg 1 27 61 48 30
0018_0010_0016_0064_0040.jpg 1 10 16 64 40
0019_0023_0037_0051_0031.jpg 1 23 37 51 31
0020_0012_0035_0054_0034.jpg 1 12 35 54 34
0021_0031_0025_0060_0037.jpg 1 31 25 60 37
0022_0034_0030_0061_0038.jpg 1 34 30 61 38
0023_0032_0039_0059_0037.jpg 1 32 39 59 37
0024_0042_0038_0051_0032.jpg 1 42 38 51 32
0025_0020_0042_0060_0037.jpg 1 20 42 60 37
0026_0010_0020_0062_0039.jpg 1 10 20 62 39
0027_0008_0011_0049_0031.jpg 1 8 11 49 31
0028_0024_0055_0058_0036.jpg 1 24 55 58 36
0029_0014_0037_0065_0040.jpg 1 14 37 65 40
0030_0022_0028_0069_0043.jpg 1 22 28 69 43
0031_0024_0033_0053_0033.jpg 1 24 33 53 33
0032_0016_0013_0053_0033.jpg 1 16 13 53 33
0033_0028_0028_0061_0038.jpg 1 28 28 61 38
0034_0024_0026_0052_0032.jpg 1 24 26 52 32
0035_0033_0017_0062_0039.jpg 1 33 17 62 39
0036_0007_0034_0057_0035.jpg 1 7 34 57 35
0037_0036_0057_0055_0034.jpg 1 36 57 55 34
0038_0010_0009_0056_0035.jpg 1 10 9 56 35
0039_0030_0022_0059_0037.jpg 1 30 22 59 37
0040_0013_0036_0057_0035.jpg 1 13 36 57 35
0041_0030_0011_0062_0038.jpg 1 30 11 62 38
0042_0005_0011_0065_0040.jpg 1 5 11 65 40
0043_0021_0019_0048_0030.jpg 1 21 19 48 30
0044_0023_0009_0053_0033.jpg 1 23 9 53 33
0045_0037_0048_0055_0034.jpg 1 37 48 55 34
0046_0010_0021_0061_0038.jpg 1 10 21 61 38
0047_0032_0050_0057_0036.jpg 1 32 50 57 36
0048_0004_0046_0062_0038.jpg 1 4 46 62 38
0049_0008_0018_0053_0033.jpg 1 8 18 53 33
0050_0015_0013_0051_0031.jpg 1 15 13 51 31
0051_0030_0013_0060_0037.jpg 1 30 13 60 37
0052_0029_0029_0060_0037.jpg 1 29 29 60 37
0053_0032_0034_0061_0038.jpg 1 32 34 61 38
0054_0013_0056_0051_0032.jpg 1 13 56 51 32
0055_0008_0039_0048_0030.jpg 1 8 39 48 30
0056_0009_0023_0050_0031.jpg 1 9 23 50 31
0057_0016_0031_0056_0035.jpg 1 16 31 56 35
0058_0005_0052_0059_0037.jpg 1 5 52 59 37
0059_0021_0008_0065_0041.jpg 1 21 8 65 41
0060_0037_0061_0049_0030.jpg 1 37 61 49 30
0061_0020_0040_0069_0043.jpg 1 20 40 69 43
0062_0028_0060_0053_0033.jpg 1 28 60 53 33
0063_0008_0013_0060_0038.jpg 1 8 13 60 38
0064_0022_0035_0063_0039.jpg 1 22 35 63 39
0065_0025_0031_0058_0036.jpg 1 25 31 58 36
0066_0019_0014_0056_0035.jpg 1 19 14 56 35
0067_0010_0026_0059_0037.jpg 1 10 26 59 37
0068_0008_0026_0069_0043.jpg 1 8 26 69 43
0069_0005_0026_0068_0042.jpg 1 5 26 68 42
0070_0017_0042_0060_0038.jpg 1 17 42 60 38
0071_0041_0061_0048_0030.jpg 1 41 61 48 30
0072_0020_0016_0049_0030.jpg 1 20 16 49 30
0073_0013_0046_0068_0042.jpg 1 13 46 68 42
0074_0026_0051_0065_0040.jpg 1 26 51 65 40
0075_0014_0053_0058_0036.jpg 1 14 53 58 36
0076_0007_0014_0061_0038.jpg 1 7 14 61 38
0077_0014_0024_0061_0038.jpg 1 14 24 61 38
0078_0026_0007_0054_0034.jpg 1 26 7 54 34
0079_0031_0059_0054_0033.jpg 1 31 59 54 33
0080_0029_0007_0054_0033.jpg 1 29 7 54 33
0081_0005_0014_0060_0037.jpg 1 5 14 60 37
0082_0004_0006_0068_0042.jpg 1 4 6 68 42
0083_0019_0037_0054_0034.jpg 1 19 37 54 34
0084_0024_0032_0057_0035.jpg 1 24 32 57 35
0085_0022_0008_0066_0041.jpg 1 22 8 66 41
0086_0005_0030_0063_0039.jpg 1 5 30 63 39
0087_0042_0011_0049_0030.jpg 1 42 11 49 30
0088_0022_0021_0063_0039.jpg 1 22 21 63 39
0089_0006_0009_0068_0042.jpg 1 6 9 68 42
0090_0034_0030_0053_0033.jpg 1 34 30 53 33
0091_0006_0026_0065_0040.jpg 1 6 26 65 40
0092_0037_0027_0052_0032.jpg 1 37 27 52 32
0093_0014_0050_0050_0031.jpg 1 14 50 50 31
0094_0032_0054_0048_0030.jpg 1 32 54 48 30
0095_0010_0005_0067_0042.jpg 1 10 5 67 42
0096_0029_0026_0052_0033.jpg 1 29 26 52 33
0097_0025_0027_0053_0033.jpg 1 25 27 53 33
0098_0014_0038_0049_0031.jpg 1 14 38 49 31
0099_0009_0028_0049_0031.jpg 1 9 28 49 31
0100_0022_0056_0052_0032.jpg 1 22 56 52 32
0101_0028_0056_0051_0031.jpg 1 28 56 51 31
0102_0033_0027_0052_0032.jpg 1 33 27 52 32
0103_0015_0013_0050_0031.jpg 1 15 13 50 31
0104_0037_0057_0057_0035.jpg 1 37 57 57 35
0105_0016_0012_0068_0042.jpg 1 16 12 68 42
0106_0028_0015_0057_0035.jpg 1 28 15 57 35
0107_0019_0039_0065_0041.jpg 1 19 39 65 41
0108_0006_0056_0058_0036.jpg 1 6 56 58 36
0109_0013_0035_0062_0038.jpg 1 13 35 62 38
0110_0007_0010_0052_0032.jpg 1 7 10 52 32
0111_0023_0019_0064_0040.jpg 1 23 19 64 40
0112_0010_0037_0063_0039.jpg 1 10 37 63 39
0113_0007_0020_0060_0037.jpg 1 7 20 60 37
0114_0023_0007_0059_0037.jpg 1 23 7 59 37
0115_0043_0019_0048_0030.jpg 1 43 19 48 30
0116_0028_0013_0059_0037.jpg 1 28 13 59 37
0117_0033_0050_0058_0036.jpg 1 33 50 58 36
0118_0013_0047_0060_0037.jpg 1 13 47 60 37
0119_0020_0053_0052_0032.jpg 1 20 53 52 32
0120_0029_0051_0059_0037.jpg 1 29 51 59 37
0121_0017_0027_0061_0038.jpg 1 17 27 61 38
0122_0009_0024_0059_0037.jpg 1 9 24 59 37
0123_0029_0014_0066_0041.jpg 1 29 14 66 41
0124_0029_0020_0061_0038.jpg 1 29 20 61 38
0125_0014_0043_0057_0036.jpg 1 14 43 57 36
0126_0010_0012_0056_0035.jpg 1 10 12 56 35
0127_0007_0047_0059_0037.jpg 1 7 47 59 37
0128_0025_0036_0057_0035.jpg 1 25 36 57 35
