0001_0016_0030_0055_0034.jpg 1 16 30 55 34
0002_0029_0043_0059_0036.jpg 1 29 43 59 36
0003_0035_0055_0055_0034.jpg 1 35 55 55 34
0004_0029_0051_0054_0034.jpg 1 29 51 54 34
0005_0033_0023_0056_0035.jpg 1 33 23 56 35
0006_0006_0012_0059_0037.jpg 1 6 12 59 37
0007_0043_0045_0048_0030.jpg 1 43 45 48 30
0008_0022_0033_0063_0039.jpg 1 22 33 63 39
0009_0018_0044_0065_0041.jpg 1 18 44 65 41
0010_0006_0044_0063_0039.jpg 1 6 44 63 39
0011_0014_0040_0065_0040.jpg 1 14 40 65 40
0012_0006_0034_0048_0030.jpg 1 6 34 48 30
0013_0014_0053_0062_0039.jpg 1 14 53 62 39
0014_0029_0052_0055_0034.jpg 1 29 52 55 34
0015_0007_0033_0059_0037.jpg 1 7 33 59 37
0016_0005_0017_0058_0036.jpg 1 5 17 58 36
0017_0031_0034_0057_0035.jpg 1 31 34 57 35
0018_0034_0035_0059_0037.jpg 1 34 35 59 37
0019_0028_0048_0065_0040.jpg 1 28 48 65 40
0020_0027_0046_0053_0033.jpg 1 27 46 53 33
0021_0005_0018_0069_0043.jpg 1 5 18 69 43
0022_0032_0019_0048_0030.jpg 1 32 19 48 30
0023_0017_0036_0067_0041.jpg 1 17 36 67 41
0024_0009_0045_0063_0039.jpg 1 9 45 63 39
0025_0006_0020_0051_0032.jpg 1 6 20 51 32
0026_0036_0041_0058_0036.jpg 1 36 41 58 36
0027_0021_0008_0061_0038.jpg 1 21 8 61 38
0028_0016_0032_0057_0035.jpg 1 16 32 57 35
0029_0038_0008_0048_0030.jpg 1 38 8 48 30
0030_0023_0024_0064_0040.jpg 1 23 24 64 40
0031_0028_0021_0057_0035.jpg 1 28 21 57 35
0032_0026_0035_0052_0032.jpg 1 26 35 52 32
0033_0035_0042_0050_0031.jpg 1 35 42 50 31
0034_0009_0009_0049_0030.jpg 1 9 9 49 30
0035_0028_0041_0066_0041.jpg 1 28 41 66 41
0036_0007_0008_0067_0042.jpg 1 7 8 67 42
0037_0028_0054_0053_0033.jpg 1 28 54 53 33
0038_0040_0016_0049_0030.jpg 1 40 16 49 30
0039_0022_0060_0050_0031.jpg 1 22 60 50 31
0040_0016_0053_0063_0039.jpg 1 16 53 63 39
0041_0012_0041_0064_0040.jpg 1 12 41 64 40
0042_0016_0007_0063_0039.jpg 1 16 7 63 39
0043_0013_0053_0061_0038.jpg 1 13 53 61 38
0044_0019_0029_0053_0033.jpg 1 19 29 53 33
0045_0004_0021_0061_0038.jpg 1 4 21 61 38
0046_0016_0030_0052_0032.jpg 1 16 30 52 32
0047_0010_0021_0054_0034.jpg 1 10 21 54 34
0048_0014_0046_0059_0037.jpg 1 14 46 59 37
0049_0032_0016_0061_0038.jpg 1 32 16 61 38
0050_0029_0021_0058_0036.jpg 1 29 21 58 36
0051_0024_0034_0060_0037.jpg 1 24 34 60 37
0052_0021_0014_0063_0039.jpg 1 21 14 63 39
0053_0010_0049_0052_0032.jpg 1 10 49 52 32
0054_0032_0046_0062_0039.jpg 1 32 46 62 39
0055_0016_0007_0064_0040.jpg 1 16 7 64 40
0056_0022_0050_0069_0043.jpg 1 22 50 69 43
0057_0027_0041_0065_0040.jpg 1 27 41 65 40
0058_0031_0040_0049_0030.jpg 1 31 40 49 30
0059_0020_0048_0061_0038.jpg 1 20 48 61 38
0060_0024_0034_0054_0034.jpg 1 24 34 54 34
0061_0016_0026_0063_0039.jpg 1 16 26 63 39
0062_0032_0023_0056_0035.jpg 1 32 23 56 35
0063_0015_0038_0056_0035.jpg 1 15 38 56 35
0064_0007_0026_0065_0040.jpg 1 7 26 65 40
0065_0027_0010_0049_0031.jpg 1 27 10 49 31
0066_0006_0022_0060_0037.jpg 1 6 22 60 37
0067_0034_0053_0057_0035.jpg 1 34 53 57 35
0068_0007_0054_0063_0039.jpg 1 7 54 63 39
0069_0023_0034_0063_0039.jpg 1 23 34 63 39
0070_0005_0041_0067_0042.jpg 1 5 41 67 42
0071_0013_0030_0068_0042.jpg 1 13 30 68 42
0072_0026_0054_0050_0031.jpg 1 26 54 50 31
0073_0015_0030_0056_0035.jpg 1 15 30 56 35
0074_0006_0018_0048_0030.jpg 1 6 18 48 30
0075_0013_0050_0067_0042.jpg 1 13 50 67 42
0076_0016_0045_0052_0032.jpg 1 16 45 52 32
0077_0021_0010_0060_0038.jpg 1 21 10 60 38
0078_0008_0042_0055_0034.jpg 1 8 42 55 34
0079_0023_0038_0065_0041.jpg 1 23 38 65 41
0080_0025_0055_0059_0037.jpg 1 25 55 59 37
0081_0011_0023_0052_0032.jpg 1 11 23 52 32
0082_0031_0042_0057_0035.jpg 1 31 42 57 35
0083_0040_0015_0053_0033.jpg 1 40 15 53 33
0084_0034_0028_0052_0032.jpg 1 34 28 52 32
0085_0023_0023_0055_0034.jpg 1 23 23 55 34
0086_0030_0050_0059_0037.jpg 1 30 50 59 37
0087_0006_0042_0062_0039.jpg 1 6 42 62 39
0088_0004_0055_0062_0038.jpg 1 4 55 62 38
0089_0045_0032_0049_0031.jpg 1 45 32 49 31
0090_0006_0032_0061_0038.jpg 1 6 32 61 38
0091_0021_0045_0049_0030.jpg 1 21 45 49 30
0092_0027_0019_0069_0043.jpg 1 27 19 69 43
0093_0004_0014_0067_0041.jpg 1 4 14 67 41
0094_0005_0013_0049_0030.jpg 1 5 13 49 30
0095_0005_0036_0068_0042.jpg 1 5 36 68 42
0096_0029_0036_0053_0033.jpg 1 29 36 53 33
0097_0012_0028_0064_0040.jpg 1 12 28 64 40
0098_0006_0047_0062_0039.jpg 1 6 47 62 39
0099_0015_0046_0061_0038.jpg 1 15 46 61 38
0100_0029_0016_0054_0033.jpg 1 29 16 54 33
0101_0009_0010_0062_0039.jpg 1 9 10 62 39
0102_0012_0036_0065_0041.jpg 1 12 36 65 41
0103_0022_0025_0056_0035.jpg 1 22 25 56 35
0104_0016_0017_0067_0042.jpg 1 16 17 67 42
0105_0005_0007_0067_0042.jpg 1 5 7 67 42
0106_0026_0038_0061_0038.jpg 1 26 38 61 38
0107_0022_0026_0068_0042.jpg 1 22 26 68 42
0108_0010_0028_0059_0037.jpg 1 10 28 59 37
0109_0028_0056_0052_0032.jpg 1 28 56 52 32
0110_0031_0010_0060_0037.jpg 1 31 10 60 37
0111_0030_0024_0057_0036.jpg 1 30 24 57 36
0112_0015_0041_0054_0034.jpg 1 15 41 54 34
0113_0013_0048_0066_0041.jpg 1 13 48 66 41
0114_0010_0019_0050_0031.jpg 1 10 19 50 31
0115_0014_0021_0065_0041.jpg 1 14 21 65 41
0116_0013_0029_0050_0031.jpg 1 13 29 50 31
0117_0029_0039_0067_0042.jpg 1 29 39 67 42
0118_0020_0049_0062_0039.jpg 1 20 49 62 39
0119_0009_0043_0061_0038.jpg 1 9 43 61 38
0120_0006_0034_0060_0038.jpg 1 6 34 60 38
0121_0032_0007_0054_0033.jpg 1 32 7 54 33
0122_0008_0046_0048_0030.jpg 1 8 46 48 30
0123_0024_0016_0062_0039.jpg 1 24 16 62 39
0124_0005_0006_0066_0041.jpg 1 5 6 66 41
0125_0022_0045_0049_0030.jpg 1 22 45 49 30
0126_0010_0058_0051_0031.jpg 1 10 58 51 31
0127_0016_0014_0052_0033.jpg 1 16 14 52 33
0128_0029_0051_0061_0038.jpg 1 29 51 61 38
