0001_0019_0022_0054_0033.jpg 1 19 22 54 33
0002_0019_0007_0054_0034.jpg 1 19 7 54 34
0003_0021_0022_0054_0033.jpg 1 21 22 54 33
0004_0009_0026_0061_0038.jpg 1 9 26 61 38
0005_0032_0046_0053_0033.jpg 1 32 46 53 33
0006_0010_0014_0054_0034.jpg 1 10 14 54 34
0007_0040_0024_0049_0031.jpg 1 40 24 49 31
0008_0005_0049_0068_0042.jpg 1 5 49 68 42
0009_0034_0025_0061_0038.jpg 1 34 25 61 38
0010_0005_0022_0058_0036.jpg 1 5 22 58 36
0011_0005_0025_0067_0042.jpg 1 5 25 67 42
0012_0021_0047_0064_0040.jpg 1 21 47 64 40
0013_0013_0049_0061_0038.jpg 1 13 49 61 38
0014_0020_0055_0055_0034.jpg 1 20 55 55 34
0015_0017_0011_0055_0034.jpg 1 17 11 55 34
0016_0014_0036_0064_0040.jpg 1 14 36 64 40
0017_0016_0013_0056_0035.jpg 1 16 13 56 35
0018_0006_0039_0054_0034.jpg 1 6 39 54 34
0019_0034_0026_0048_0030.jpg 1 34 26 48 30
0020_0028_0046_0057_0035.jpg 1 28 46 57 35
0021_0019_0013_0061_0038.jpg 1 19 13 61 38
0022_0025_0039_0051_0032.jpg 1 25 39 51 32
0023_0011_0013_0057_0035.jpg 1 11 13 57 35
0024_0024_0060_0051_0031.jpg 1 24 60 51 31
0025_0032_0025_0052_0033.jpg 1 32 25 52 33
0026_0016_0011_0069_0043.jpg 1 16 11 69 43
0027_0010_0007_0063_0039.jpg 1 10 7 63 39
0028_0014_0023_0064_0040.jpg 1 14 23 64 40
0029_0020_0028_0065_0040.jpg 1 20 28 65 40
0030_0008_0030_0050_0031.jpg 1 8 30 50 31
0031_0020_0007_0068_0042.jpg 1 20 7 68 42
0032_0014_0048_0061_0038.jpg 1 14 48 61 38
0033_0027_0038_0054_0033.jpg 1 27 38 54 33
0034_0040_0027_0054_0034.jpg 1 40 27 54 34
0035_0033_0042_0059_0037.jpg 1 33 42 59 37
0036_0017_0005_0068_0042.jpg 1 17 5 68 42
0037_0023_0026_0064_0040.jpg 1 23 26 64 40
0038_0023_0057_0054_0034.jpg 1 23 57 54 34
0039_0011_0007_0069_0043.jpg 1 11 7 69 43
0040_0017_0036_0052_0033.jpg 1 17 36 52 33
0041_0040_0053_0053_0033.jpg 1 40 53 53 33
0042_0008_0016_0065_0041.jpg 1 8 16 65 41
0043_0043_0047_0048_0030.jpg 1 43 47 48 30
0044_0029_0034_0063_0039.jpg 1 29 34 63 39
0045_0021_0037_0060_0037.jpg 1 21 37 60 37
0046_0010_0044_0055_0034.jpg 1 10 44 55 34
0047_0032_0039_0059_0037.jpg 1 32 39 59 37
0048_0029_0036_0062_0039.jpg 1 29 36 62 39
0049_0018_0051_0048_0030.jpg 1 18 51 48 30
0050_0030_0028_0059_0036.jpg 1 30 28 59 36
0051_0005_0033_0068_0043.jpg 1 5 33 68 43
0052_0013_0008_0051_0031.jpg 1 13 8 51 31
0053_0027_0046_0065_0040.jpg 1 27 46 65 40
0054_0026_0051_0063_0039.jpg 1 26 51 63 39
0055_0006_0048_0064_0040.jpg 1 6 48 64 40
0056_0005_0014_0052_0032.jpg 1 5 14 52 32
0057_0006_0047_0059_0037.jpg 1 6 47 59 37
0058_0040_0062_0049_0030.jpg 1 40 62 49 30
0059_0010_0042_0057_0035.jpg 1 10 42 57 35
0060_0005_0031_0051_0032.jpg 1 5 31 51 32
0061_0015_0039_0049_0031.jpg 1 15 39 49 31
0062_0036_0028_0048_0030.jpg 1 36 28 48 30
0063_0006_0018_0055_0034.jpg 1 6 18 55 34
0064_0020_0017_0057_0036.jpg 1 20 17 57 36
0065_0032_0030_0061_0038.jpg 1 32 30 61 38
0066_0018_0033_0065_0040.jpg 1 18 33 65 40
0067_0038_0061_0051_0032.jpg 1 38 61 51 32
0068_0043_0019_0049_0030.jpg 1 43 19 49 30
0069_0043_0043_0051_0031.jpg 1 43 43 51 31
0070_0003_0020_0065_0041.jpg 1 3 20 65 41
0071_0028_0034_0066_0041.jpg 1 28 34 66 41
0072_0043_0041_0051_0031.jpg 1 43 41 51 31
0073_0032_0027_0062_0038.jpg 1 32 27 62 38
0074_0027_0007_0062_0038.jpg 1 27 7 62 38
0075_0022_0060_0050_0031.jpg 1 22 60 50 31
0076_0013_0044_0053_0033.jpg 1 13 44 53 33
0077_0028_0008_0058_0036.jpg 1 28 8 58 36
0078_0009_0027_0060_0038.jpg 1 9 27 60 38
0079_0021_0016_0056_0035.jpg 1 21 16 56 35
0080_0006_0053_0064_0040.jpg 1 6 53 64 40
0081_0035_0060_0051_0032.jpg 1 35 60 51 32
0082_0016_0009_0058_0036.jpg 1 16 9 58 36
0083_0005_0020_0060_0037.jpg 1 5 20 60 37
0084_0028_0017_0059_0037.jpg 1 28 17 59 37
0085_0021_0015_0055_0034.jpg 1 21 15 55 34
0086_0005_0030_0049_0031.jpg 1 5 30 49 31
0087_0020_0018_0060_0037.jpg 1 20 18 60 37
0088_0011_0015_0064_0040.jpg 1 11 15 64 40
0089_0023_0026_0060_0037.jpg 1 23 26 60 37
0090_0003_0016_0066_0041.jpg 1 3 16 66 41
0091_0010_0040_0066_0041.jpg 1 10 40 66 41
0092_0009_0034_0057_0036.jpg 1 9 34 57 36
0093_0012_0007_0058_0036.jpg 1 12 7 58 36
0094_0010_0024_0064_0040.jpg 1 10 24 64 40
0095_0016_0041_0069_0043.jpg 1 16 41 69 43
0096_0015_0009_0055_0034.jpg 1 15 9 55 34
0097_0014_0042_0064_0040.jpg 1 14 42 64 40
0098_0010_0019_0065_0040.jpg 1 10 19 65 40
0099_0032_0040_0057_0035.jpg 1 32 40 57 35
0100_0015_0029_0051_0032.jpg 1 15 29 51 32
0101_0013_0038_0069_0043.jpg 1 13 38 69 43
0102_0022_0044_0052_0032.jpg 1 22 44 52 32
0103_0020_0012_0066_0041.jpg 1 20 12 66 41
0104_0018_0006_0069_0043.jpg 1 18 6 69 43
0105_0014_0013_0051_0031.jpg 1 14 13 51 31
0106_0035_0020_0061_0038.jpg 1 35 20 61 38
0107_0015_0056_0058_0036.jpg 1 15 56 58 36
0108_0018_0021_0065_0041.jpg 1 18 21 65 41
0109_0014_0041_0064_0040.jpg 1 14 41 64 40
0110_0014_0015_0066_0041.jpg 1 14 15 66 41
0111_0031_0045_0057_0035.jpg 1 31 45 57 35
0112_0005_0021_0048_0030.jpg 1 5 21 48 30
0113_0018_0053_0063_0039.jpg 1 18 53 63 39
0114_0019_0043_0062_0039.jpg 1 19 43 62 39
0115_0010_0055_0054_0033.jpg 1 10 55 54 33
0116_0009_0045_0052_0032.jpg 1 9 45 52 32
0117_0041_0012_0053_0033.jpg 1 41 12 53 33
0118_0006_0015_0048_0030.jpg 1 6 15 48 30
0119_0019_0015_0049_0030.jpg 1 19 15 49 30
0120_0026_0026_0052_0032.jpg 1 26 26 52 32
0121_0008_0027_0053_0033.jpg 1 8 27 53 33
0122_0038_0039_0055_0034.jpg 1 38 39 55 34
0123_0038_0018_0055_0034.jpg 1 38 18 55 34
0124_0016_0008_0059_0037.jpg 1 16 8 59 37
0125_0032_0023_0052_0032.jpg 1 32 23 52 32
0126_0007_0053_0055_0034.jpg 1 7 53 55 34
0127_0042_0038_0050_0031.jpg 1 42 38 50 31
0128_0037_0055_0052_0033.jpg 1 37 55 52 33
0129_0012_0058_0051_0032.jpg 1 12 58 51 32
0130_0019_0008_0048_0030.jpg 1 19 8 48 30
0131_0021_0056_0056_0035.jpg 1 21 56 56 35
0132_0030_0011_0061_0038.jpg 1 30 11 61 38
0133_0023_0015_0049_0031.jpg 1 23 15 49 31
0134_0011_0032_0067_0042.jpg 1 11 32 67 42
0135_0037_0040_0055_0034.jpg 1 37 40 55 34
0136_0027_0026_0068_0042.jpg 1 27 26 68 42
0137_0018_0047_0060_0038.jpg 1 18 47 60 38
0138_0015_0026_0069_0043.jpg 1 15 26 69 43
0139_0040_0055_0051_0032.jpg 1 40 55 51 32
0140_0023_0006_0059_0037.jpg 1 23 6 59 37
0141_0021_0053_0065_0040.jpg 1 21 53 65 40
0142_0008_0023_0069_0043.jpg 1 8 23 69 43
0143_0024_0016_0055_0034.jpg 1 24 16 55 34
0144_0012_0026_0053_0033.jpg 1 12 26 53 33
0145_0005_0023_0059_0037.jpg 1 5 23 59 37
0146_0006_0014_0054_0034.jpg 1 6 14 54 34
0147_0028_0013_0065_0041.jpg 1 28 13 65 41
0148_0005_0019_0050_0031.jpg 1 5 19 50 31
0149_0011_0010_0056_0035.jpg 1 11 10 56 35
0150_0027_0015_0052_0032.jpg 1 27 15 52 32
0151_0031_0046_0055_0034.jpg 1 31 46 55 34
0152_0017_0049_0057_0035.jpg 1 17 49 57 35
0153_0012_0039_0061_0038.jpg 1 12 39 61 38
0154_0006_0037_0053_0033.jpg 1 6 37 53 33
0155_0021_0058_0048_0030.jpg 1 21 58 48 30
0156_0022_0015_0049_0030.jpg 1 22 15 49 30
0157_0039_0034_0054_0034.jpg 1 39 34 54 34
0158_0038_0016_0050_0031.jpg 1 38 16 50 31
0159_0039_0057_0048_0030.jpg 1 39 57 48 30
0160_0019_0055_0054_0033.jpg 1 19 55 54 33
0161_0012_0050_0065_0040.jpg 1 12 50 65 40
0162_0025_0048_0049_0030.jpg 1 25 48 49 30
0163_0036_0038_0057_0035.jpg 1 36 38 57 35
0164_0020_0035_0060_0037.jpg 1 20 35 60 37
0165_0022_0051_0064_0040.jpg 1 22 51 64 40
0166_0031_0010_0051_0031.jpg 1 31 10 51 31
0167_0014_0045_0059_0037.jpg 1 14 45 59 37
0168_0034_0038_0054_0034.jpg 1 34 38 54 34
0169_0016_0036_0062_0039.jpg 1 16 36 62 39
0170_0009_0017_0061_0038.jpg 1 9 17 61 38
0171_0037_0044_0054_0034.jpg 1 37 44 54 34
0172_0032_0054_0054_0034.jpg 1 32 54 54 34
0173_0029_0033_0051_0032.jpg 1 29 33 51 32
0174_0008_0039_0056_0035.jpg 1 8 39 56 35
0175_0007_0016_0067_0042.jpg 1 7 16 67 42
0176_0028_0035_0064_0040.jpg 1 28 35 64 40
0177_0004_0028_0069_0043.jpg 1 4 28 69 43
0178_0030_0039_0051_0031.jpg 1 30 39 51 31
0179_0009_0020_0058_0036.jpg 1 9 20 58 36
0180_0012_0048_0056_0035.jpg 1 12 48 56 35
0181_0014_0052_0054_0034.jpg 1 14 52 54 34
0182_0036_0014_0051_0031.jpg 1 36 14 51 31
0183_0027_0009_0064_0040.jpg 1 27 9 64 40
0184_0023_0047_0067_0042.jpg 1 23 47 67 42
0185_0016_0032_0066_0041.jpg 1 16 32 66 41
0186_0028_0056_0059_0037.jpg 1 28 56 59 37
0187_0017_0052_0054_0034.jpg 1 17 52 54 34
0188_0009_0027_0069_0043.jpg 1 9 27 69 43
0189_0026_0027_0063_0039.jpg 1 26 27 63 39
0190_0008_0039_0061_0038.jpg 1 8 39 61 38
0191_0031_0026_0064_0040.jpg 1 31 26 64 40
0192_0022_0022_0058_0036.jpg 1 22 22 58 36
0193_0008_0037_0068_0042.jpg 1 8 37 68 42
0194_0014_0028_0056_0035.jpg 1 14 28 56 35
0195_0022_0036_0057_0036.jpg 1 22 36 57 36
0196_0027_0031_0068_0042.jpg 1 27 31 68 42
0197_0011_0010_0065_0040.jpg 1 11 10 65 40
0198_0017_0047_0062_0038.jpg 1 17 47 62 38
0199_0011_0027_0057_0035.jpg 1 11 27 57 35
0200_0025_0055_0061_0038.jpg 1 25 55 61 38
0201_0028_0044_0065_0040.jpg 1 28 44 65 40
0202_0022_0020_0069_0043.jpg 1 22 20 69 43
0203_0020_0027_0069_0043.jpg 1 20 27 69 43
0204_0014_0044_0048_0030.jpg 1 14 44 48 30
0205_0022_0047_0066_0041.jpg 1 22 47 66 41
0206_0013_0039_0063_0039.jpg 1 13 39 63 39
0207_0030_0038_0057_0035.jpg 1 30 38 57 35
0208_0035_0038_0053_0033.jpg 1 35 38 53 33
0209_0024_0053_0049_0031.jpg 1 24 53 49 31
0210_0034_0028_0058_0036.jpg 1 34 28 58 36
0211_0007_0023_0052_0033.jpg 1 7 23 52 33
0212_0016_0038_0048_0030.jpg 1 16 38 48 30
0213_0013_0036_0059_0037.jpg 1 13 36 59 37
0214_0035_0007_0059_0037.jpg 1 35 7 59 37
0215_0022_0034_0050_0031.jpg 1 22 34 50 31
0216_0029_0008_0065_0040.jpg 1 29 8 65 40
0217_0015_0015_0066_0041.jpg 1 15 15 66 41
0218_0036_0010_0057_0036.jpg 1 36 10 57 36
0219_0033_0060_0048_0030.jpg 1 33 60 48 30
0220_0029_0028_0051_0032.jpg 1 29 28 51 32
0221_0031_0024_0058_0036.jpg 1 31 24 58 36
0222_0036_0023_0053_0033.jpg 1 36 23 53 33
0223_0011_0021_0067_0042.jpg 1 11 21 67 42
0224_0004_0022_0064_0040.jpg 1 4 22 64 40
0225_0023_0024_0064_0040.jpg 1 23 24 64 40
0226_0030_0042_0066_0041.jpg 1 30 42 66 41
0227_0020_0033_0061_0038.jpg 1 20 33 61 38
0228_0019_0030_0054_0033.jpg 1 19 30 54 33
0229_0036_0031_0056_0035.jpg 1 36 31 56 35
0230_0017_0043_0050_0031.jpg 1 17 43 50 31
0231_0020_0042_0066_0041.jpg 1 20 42 66 41
0232_0025_0053_0052_0032.jpg 1 25 53 52 32
0233_0011_0050_0056_0035.jpg 1 11 50 56 35
0234_0005_0031_0058_0036.jpg 1 5 31 58 36
0235_0032_0037_0051_0032.jpg 1 32 37 51 32
0236_0021_0049_0053_0033.jpg 1 21 49 53 33
0237_0025_0023_0059_0037.jpg 1 25 23 59 37
0238_0019_0027_0063_0039.jpg 1 19 27 63 39
0239_0018_0023_0069_0043.jpg 1 18 23 69 43
0240_0024_0036_0064_0040.jpg 1 24 36 64 40
0241_0031_0052_0051_0032.jpg 1 31 52 51 32
0242_0024_0036_0056_0035.jpg 1 24 36 56 35
0243_0025_0025_0050_0031.jpg 1 25 25 50 31
0244_0011_0021_0057_0035.jpg 1 11 21 57 35
0245_0015_0048_0068_0042.jpg 1 15 48 68 42
0246_0007_0050_0069_0043.jpg 1 7 50 69 43
0247_0010_0049_0056_0035.jpg 1 10 49 56 35
0248_0004_0032_0061_0038.jpg 1 4 32 61 38
0249_0025_0015_0065_0040.jpg 1 25 15 65 40
0250_0039_0010_0051_0032.jpg 1 39 10 51 32
0251_0020_0008_0066_0041.jpg 1 20 8 66 41
0252_0028_0025_0057_0035.jpg 1 28 25 57 35
0253_0009_0045_0049_0030.jpg 1 9 45 49 30
0254_0036_0030_0049_0030.jpg 1 36 30 49 30
0255_0015_0033_0059_0037.jpg 1 15 33 59 37
0256_0025_0018_0068_0042.jpg 1 25 18 68 42
