0001_0012_0016_0048_0030.jpg 1 12 16 48 30
0002_0022_0024_0061_0038.jpg 1 22 24 61 38
0003_0022_0006_0068_0042.jpg 1 22 6 68 42
0004_0028_0040_0060_0037.jpg 1 28 40 60 37
0005_0016_0028_0060_0037.jpg 1 16 28 60 37
0006_0032_0019_0057_0035.jpg 1 32 19 57 35
0007_0028_0026_0051_0032.jpg 1 28 26 51 32
0008_0020_0036_0059_0037.jpg 1 20 36 59 37
0009_0003_0031_0069_0043.jpg 1 3 31 69 43
0010_0008_0016_0065_0041.jpg 1 8 16 65 41
0011_0034_0036_0055_0034.jpg 1 34 36 55 34
0012_0009_0016_0048_0030.jpg 1 9 16 48 30
0013_0031_0021_0063_0039.jpg 1 31 21 63 39
0014_0029_0026_0067_0042.jpg 1 29 26 67 42
0015_0014_0059_0049_0030.jpg 1 14 59 49 30
0016_0023_0018_0064_0040.jpg 1 23 18 64 40
0017_0027_0030_0067_0041.jpg 1 27 30 67 41
0018_0027_0017_0065_0040.jpg 1 27 17 65 40
0019_0019_0047_0053_0033.jpg 1 19 47 53 33
0020_0006_0029_0064_0040.jpg 1 6 29 64 40
0021_0011_0047_0067_0042.jpg 1 11 47 67 42
0022_0007_0043_0055_0034.jpg 1 7 43 55 34
0023_0007_0049_0054_0033.jpg 1 7 49 54 33
0024_0025_0041_0069_0043.jpg 1 25 41 69 43
0025_0036_0007_0052_0032.jpg 1 36 7 52 32
0026_0037_0022_0050_0031.jpg 1 37 22 50 31
0027_0036_0015_0053_0033.jpg 1 36 15 53 33
0028_0027_0048_0054_0033.jpg 1 27 48 54 33
0029_0035_0011_0057_0035.jpg 1 35 11 57 35
0030_0016_0043_0065_0040.jpg 1 16 43 65 40
0031_0027_0007_0065_0040.jpg 1 27 7 65 40
0032_0027_0014_0057_0035.jpg 1 27 14 57 35
0033_0017_0006_0068_0043.jpg 1 17 6 68 43
0034_0027_0050_0062_0039.jpg 1 27 50 62 39
0035_0029_0028_0056_0035.jpg 1 29 28 56 35
0036_0019_0037_0063_0039.jpg 1 19 37 63 39
0037_0026_0026_0064_0040.jpg 1 26 26 64 40
0038_0033_0041_0052_0032.jpg 1 33 41 52 32
0039_0020_0048_0067_0042.jpg 1 20 48 67 42
0040_0030_0015_0066_0041.jpg 1 30 15 66 41
0041_0033_0016_0062_0039.jpg 1 33 16 62 39
0042_0017_0017_0062_0039.jpg 1 17 17 62 39
0043_0037_0043_0051_0032.jpg 1 37 43 51 32
0044_0033_0037_0052_0032.jpg 1 33 37 52 32
0045_0025_0013_0066_0041.jpg 1 25 13 66 41
0046_0005_0034_0062_0039.jpg 1 5 34 62 39
0047_0010_0032_0050_0031.jpg 1 10 32 50 31
0048_0028_0031_0065_0041.jpg 1 28 31 65 41
0049_0023_0028_0053_0033.jpg 1 23 28 53 33
0050_0013_0012_0052_0032.jpg 1 13 12 52 32
0051_0012_0007_0052_0032.jpg 1 12 7 52 32
0052_0014_0049_0067_0042.jpg 1 14 49 67 42
0053_0031_0051_0062_0038.jpg 1 31 51 62 38
0054_0014_0046_0064_0040.jpg 1 14 46 64 40
0055_0031_0027_0060_0037.jpg 1 31 27 60 37
0056_0025_0029_0053_0033.jpg 1 25 29 53 33
0057_0027_0028_0056_0035.jpg 1 27 28 56 35
0058_0018_0031_0060_0038.jpg 1 18 31 60 38
0059_0013_0022_0066_0041.jpg 1 13 22 66 41
0060_0038_0046_0052_0032.jpg 1 38 46 52 32
0061_0035_0034_0058_0036.jpg 1 35 34 58 36
0062_0006_0011_0059_0037.jpg 1 6 11 59 37
0063_0020_0058_0051_0032.jpg 1 20 58 51 32
0064_0035_0043_0056_0035.jpg 1 35 43 56 35
0065_0012_0024_0055_0034.jpg 1 12 24 55 34
0066_0004_0014_0065_0040.jpg 1 4 14 65 40
0067_0029_0022_0061_0038.jpg 1 29 22 61 38
0068_0005_0052_0067_0041.jpg 1 5 52 67 41
0069_0020_0029_0069_0043.jpg 1 20 29 69 43
0070_0011_0035_0055_0034.jpg 1 11 35 55 34
0071_0013_0048_0066_0041.jpg 1 13 48 66 41
0072_0032_0013_0054_0034.jpg 1 32 13 54 34
0073_0035_0012_0050_0031.jpg 1 35 12 50 31
0074_0037_0013_0056_0035.jpg 1 37 13 56 35
0075_0026_0042_0069_0043.jpg 1 26 42 69 43
0076_0021_0024_0055_0034.jpg 1 21 24 55 34
0077_0014_0012_0067_0042.jpg 1 14 12 67 42
0078_0022_0023_0056_0035.jpg 1 22 23 56 35
0079_0024_0040_0048_0030.jpg 1 24 40 48 30
0080_0028_0041_0053_0033.jpg 1 28 41 53 33
0081_0024_0018_0056_0035.jpg 1 24 18 56 35
0082_0031_0042_0062_0038.jpg 1 31 42 62 38
0083_0030_0006_0066_0041.jpg 1 30 6 66 41
0084_0033_0006_0054_0033.jpg 1 33 6 54 33
0085_0010_0031_0050_0031.jpg 1 10 31 50 31
0086_0037_0051_0056_0035.jpg 1 37 51 56 35
0087_0044_0008_0050_0031.jpg 1 44 8 50 31
0088_0024_0037_0066_0041.jpg 1 24 37 66 41
0089_0003_0006_0068_0042.jpg 1 3 6 68 42
0090_0028_0020_0054_0033.jpg 1 28 20 54 33
0091_0033_0038_0051_0032.jpg 1 33 38 51 32
0092_0010_0020_0068_0042.jpg 1 10 20 68 42
0093_0038_0007_0055_0034.jpg 1 38 7 55 34
0094_0036_0011_0059_0037.jpg 1 36 11 59 37
0095_0028_0039_0051_0032.jpg 1 28 39 51 32
0096_0013_0040_0053_0033.jpg 1 13 40 53 33
0097_0009_0012_0061_0038.jpg 1 9 12 61 38
0098_0015_0020_0063_0039.jpg 1 15 20 63 39
0099_0007_0049_0053_0033.jpg 1 7 49 53 33
0100_0017_0037_0065_0041.jpg 1 17 37 65 41
0101_0011_0038_0057_0036.jpg 1 11 38 57 36
0102_0033_0056_0056_0035.jpg 1 33 56 56 35
0103_0015_0014_0061_0038.jpg 1 15 14 61 38
0104_0039_0013_0050_0031.jpg 1 39 13 50 31
0105_0007_0023_0066_0041.jpg 1 7 23 66 41
0106_0014_0024_0060_0038.jpg 1 14 24 60 38
0107_0018_0048_0051_0032.jpg 1 18 48 51 32
0108_0008_0019_0058_0036.jpg 1 8 19 58 36
0109_0005_0050_0059_0037.jpg 1 5 50 59 37
0110_0010_0044_0053_0033.jpg 1 10 44 53 33
0111_0033_0053_0053_0033.jpg 1 33 53 53 33
0112_0029_0022_0059_0037.jpg 1 29 22 59 37
0113_0005_0057_0051_0032.jpg 1 5 57 51 32
0114_0007_0015_0060_0037.jpg 1 7 15 60 37
0115_0013_0031_0061_0038.jpg 1 13 31 61 38
0116_0027_0041_0054_0034.jpg 1 27 41 54 34
0117_0005_0032_0052_0032.jpg 1 5 32 52 32
0118_0023_0039_0056_0035.jpg 1 23 39 56 35
0119_0025_0014_0065_0040.jpg 1 25 14 65 40
0120_0032_0015_0058_0036.jpg 1 32 15 58 36
0121_0015_0007_0062_0038.jpg 1 15 7 62 38
0122_0011_0018_0068_0043.jpg 1 11 18 68 43
0123_0022_0042_0057_0035.jpg 1 22 42 57 35
0124_0016_0044_0052_0032.jpg 1 16 44 52 32
0125_0011_0055_0059_0037.jpg 1 11 55 59 37
0126_0037_0029_0058_0036.jpg 1 37 29 58 36
0127_0008_0019_0052_0032.jpg 1 8 19 52 32
0128_0026_0007_0054_0034.jpg 1 26 7 54 34
