0001_0034_0029_0058_0036.jpg 1 34 29 58 36
0002_0005_0052_0064_0040.jpg 1 5 52 64 40
0003_0018_0043_0058_0036.jpg 1 18 43 58 36
0004_0005_0024_0050_0031.jpg 1 5 24 50 31
0005_0034_0020_0059_0037.jpg 1 34 20 59 37
0006_0030_0046_0063_0039.jpg 1 30 46 63 39
0007_0021_0043_0062_0039.jpg 1 21 43 62 39
0008_0028_0011_0064_0040.jpg 1 28 11 64 40
0009_0007_0060_0049_0030.jpg 1 7 60 49 30
0010_0008_0048_0065_0040.jpg 1 8 48 65 40
0011_0027_0053_0056_0035.jpg 1 27 53 56 35
0012_0010_0036_0064_0040.jpg 1 10 36 64 40
0013_0004_0043_0062_0039.jpg 1 4 43 62 39
0014_0016_0047_0063_0039.jpg 1 16 47 63 39
0015_0029_0027_0056_0035.jpg 1 29 27 56 35
0016_0027_0037_0054_0034.jpg 1 27 37 54 34
0017_0027_0021_0064_0040.jpg 1 27 21 64 40
0018_0008_0012_0054_0034.jpg 1 8 12 54 34
0019_0039_0017_0049_0030.jpg 1 39 17 49 30
0020_0009_0013_0068_0042.jpg 1 9 13 68 42
0021_0038_0023_0056_0035.jpg 1 38 23 56 35
0022_0019_0020_0067_0042.jpg 1 19 20 67 42
0023_0024_0028_0062_0039.jpg 1 24 28 62 39
0024_0008_0024_0065_0040.jpg 1 8 24 65 40
0025_0034_0028_0054_0033.jpg 1 34 28 54 33
0026_0015_0024_0065_0040.jpg 1 15 24 65 40
0027_0004_0010_0064_0040.jpg 1 4 10 64 40
0028_0026_0029_0063_0039.jpg 1 26 29 63 39
0029_0016_0011_0065_0041.jpg 1 16 11 65 41
0030_0004_0028_0069_0043.jpg 1 4 28 69 43
0031_0020_0052_0054_0034.jpg 1 20 52 54 34
0032_0009_0037_0052_0032.jpg 1 9 37 52 32
0033_0012_0012_0061_0038.jpg 1 12 12 61 38
0034_0042_0058_0048_0030.jpg 1 42 58 48 30
0035_0006_0042_0056_0035.jpg 1 6 42 56 35
0036_0033_0029_0060_0038.jpg 1 33 29 60 38
0037_0017_0043_0064_0040.jpg 1 17 43 64 40
0038_0008_0016_0059_0037.jpg 1 8 16 59 37
0039_0013_0060_0048_0030.jpg 1 13 60 48 30
0040_0032_0031_0055_0034.jpg 1 32 31 55 34
0041_0010_0023_0055_0034.jpg 1 10 23 55 34
0042_0017_0032_0058_0036.jpg 1 17 32 58 36
0043_0034_0049_0050_0031.jpg 1 34 49 50 31
0044_0030_0050_0058_0036.jpg 1 30 50 58 36
0045_0006_0036_0064_0040.jpg 1 6 36 64 40
0046_0006_0037_0055_0034.jpg 1 6 37 55 34
0047_0032_0015_0059_0037.jpg 1 32 15 59 37
0048_0034_0055_0060_0037.jpg 1 34 55 60 37
0049_0033_0048_0057_0036.jpg 1 33 48 57 36
0050_0022_0015_0058_0036.jpg 1 22 15 58 36
0051_0017_0007_0066_0041.jpg 1 17 7 66 41
0052_0005_0025_0051_0032.jpg 1 5 25 51 32
0053_0027_0008_0063_0039.jpg 1 27 8 63 39
0054_0009_0020_0065_0040.jpg 1 9 20 65 40
0055_0007_0033_0064_0040.jpg 1 7 33 64 40
0056_0035_0060_0050_0031.jpg 1 35 60 50 31
0057_0009_0026_0069_0043.jpg 1 9 26 69 43
0058_0011_0036_0048_0030.jpg 1 11 36 48 30
0059_0033_0060_0052_0032.jpg 1 33 60 52 32
0060_0008_0043_0063_0039.jpg 1 8 43 63 39
0061_0043_0039_0051_0032.jpg 1 43 39 51 32
0062_0036_0055_0058_0036.jpg 1 36 55 58 36
0063_0006_0020_0057_0036.jpg 1 6 20 57 36
0064_0026_0016_0067_0042.jpg 1 26 16 67 42
0065_0012_0044_0069_0043.jpg 1 12 44 69 43
0066_0022_0015_0061_0038.jpg 1 22 15 61 38
0067_0014_0038_0056_0035.jpg 1 14 38 56 35
0068_0013_0049_0065_0040.jpg 1 13 49 65 40
0069_0016_0008_0050_0031.jpg 1 16 8 50 31
0070_0020_0027_0049_0030.jpg 1 20 27 49 30
0071_0010_0046_0065_0040.jpg 1 10 46 65 40
0072_0031_0008_0056_0035.jpg 1 31 8 56 35
0073_0017_0054_0062_0038.jpg 1 17 54 62 38
0074_0032_0055_0054_0034.jpg 1 32 55 54 34
0075_0033_0041_0048_0030.jpg 1 33 41 48 30
0076_0017_0014_0062_0039.jpg 1 17 14 62 39
0077_0006_0049_0069_0043.jpg 1 6 49 69 43
0078_0020_0035_0062_0038.jpg 1 20 35 62 38
0079_0015_0047_0063_0039.jpg 1 15 47 63 39
0080_0010_0010_0059_0037.jpg 1 10 10 59 37
0081_0017_0039_0068_0042.jpg 1 17 39 68 42
0082_0037_0049_0048_0030.jpg 1 37 49 48 30
0083_0026_0028_0065_0040.jpg 1 26 28 65 40
0084_0023_0039_0068_0042.jpg 1 23 39 68 42
0085_0007_0046_0053_0033.jpg 1 7 46 53 33
0086_0023_0050_0066_0041.jpg 1 23 50 66 41
0087_0019_0033_0062_0038.jpg 1 19 33 62 38
0088_0034_0051_0051_0032.jpg 1 34 51 51 32
0089_0022_0044_0061_0038.jpg 1 22 44 61 38
0090_0030_0018_0064_0040.jpg 1 30 18 64 40
0091_0025_0022_0069_0043.jpg 1 25 22 69 43
0092_0006_0040_0063_0039.jpg 1 6 40 63 39
0093_0021_0038_0069_0043.jpg 1 21 38 69 43
0094_0031_0037_0049_0030.jpg 1 31 37 49 30
0095_0010_0023_0058_0036.jpg 1 10 23 58 36
0096_0019_0020_0056_0035.jpg 1 19 20 56 35
0097_0039_0024_0055_0034.jpg 1 39 24 55 34
0098_0005_0032_0069_0043.jpg 1 5 32 69 43
0099_0029_0036_0066_0041.jpg 1 29 36 66 41
0100_0043_0015_0049_0030.jpg 1 43 15 49 30
0101_0027_0009_0050_0031.jpg 1 27 9 50 31
0102_0028_0052_0065_0041.jpg 1 28 52 65 41
0103_0012_0020_0059_0037.jpg 1 12 20 59 37
0104_0012_0044_0061_0038.jpg 1 12 44 61 38
0105_0022_0020_0055_0034.jpg 1 22 20 55 34
0106_0017_0033_0061_0038.jpg 1 17 33 61 38
0107_0017_0006_0061_0038.jpg 1 17 6 61 38
0108_0027_0040_0062_0038.jpg 1 27 40 62 38
0109_0023_0026_0050_0031.jpg 1 23 26 50 31
0110_0005_0043_0059_0037.jpg 1 5 43 59 37
0111_0010_0026_0066_0041.jpg 1 10 26 66 41
0112_0034_0050_0048_0030.jpg 1 34 50 48 30
0113_0006_0007_0058_0036.jpg 1 6 7 58 36
0114_0007_0020_0063_0039.jpg 1 7 20 63 39
0115_0014_0035_0051_0032.jpg 1 14 35 51 32
0116_0007_0020_0062_0039.jpg 1 7 20 62 39
0117_0008_0035_0068_0043.jpg 1 8 35 68 43
0118_0011_0018_0048_0030.jpg 1 11 18 48 30
0119_0037_0057_0055_0034.jpg 1 37 57 55 34
0120_0023_0051_0063_0039.jpg 1 23 51 63 39
0121_0029_0040_0050_0031.jpg 1 29 40 50 31
0122_0023_0025_0061_0038.jpg 1 23 25 61 38
0123_0009_0027_0058_0036.jpg 1 9 27 58 36
0124_0024_0035_0055_0034.jpg 1 24 35 55 34
0125_0021_0054_0052_0033.jpg 1 21 54 52 33
0126_0031_0024_0056_0035.jpg 1 31 24 56 35
0127_0022_0007_0062_0039.jpg 1 22 7 62 39
0128_0028_0054_0058_0036.jpg 1 28 54 58 36
0129_0012_0021_0056_0035.jpg 1 12 21 56 35
0130_0024_0044_0059_0037.jpg 1 24 44 59 37
0131_0010_0037_0063_0039.jpg 1 10 37 63 39
0132_0030_0010_0060_0037.jpg 1 30 10 60 37
0133_0027_0035_0052_0032.jpg 1 27 35 52 32
0134_0024_0032_0066_0041.jpg 1 24 32 66 41
0135_0036_0022_0050_0031.jpg 1 36 22 50 31
0136_0007_0008_0062_0039.jpg 1 7 8 62 39
0137_0041_0035_0052_0033.jpg 1 41 35 52 33
0138_0012_0010_0068_0042.jpg 1 12 10 68 42
0139_0034_0045_0052_0032.jpg 1 34 45 52 32
0140_0036_0058_0053_0033.jpg 1 36 58 53 33
0141_0032_0036_0060_0037.jpg 1 32 36 60 37
0142_0018_0021_0053_0033.jpg 1 18 21 53 33
0143_0009_0045_0054_0033.jpg 1 9 45 54 33
0144_0025_0015_0069_0043.jpg 1 25 15 69 43
0145_0005_0012_0055_0034.jpg 1 5 12 55 34
0146_0017_0039_0059_0037.jpg 1 17 39 59 37
0147_0025_0051_0061_0038.jpg 1 25 51 61 38
0148_0016_0038_0056_0035.jpg 1 16 38 56 35
0149_0030_0041_0056_0035.jpg 1 30 41 56 35
0150_0010_0050_0054_0034.jpg 1 10 50 54 34
0151_0028_0058_0052_0033.jpg 1 28 58 52 33
0152_0023_0052_0059_0037.jpg 1 23 52 59 37
0153_0016_0030_0054_0034.jpg 1 16 30 54 34
0154_0019_0049_0055_0034.jpg 1 19 49 55 34
0155_0038_0022_0050_0031.jpg 1 38 22 50 31
0156_0019_0039_0068_0043.jpg 1 19 39 68 43
0157_0026_0022_0065_0040.jpg 1 26 22 65 40
0158_0031_0047_0060_0037.jpg 1 31 47 60 37
0159_0031_0021_0058_0036.jpg 1 31 21 58 36
0160_0012_0058_0052_0032.jpg 1 12 58 52 32
0161_0028_0047_0060_0038.jpg 1 28 47 60 38
0162_0013_0049_0069_0043.jpg 1 13 49 69 43
0163_0028_0023_0058_0036.jpg 1 28 23 58 36
0164_0005_0053_0059_0037.jpg 1 5 53 59 37
0165_0008_0021_0055_0034.jpg 1 8 21 55 34
0166_0027_0016_0069_0043.jpg 1 27 16 69 43
0167_0005_0054_0052_0032.jpg 1 5 54 52 32
0168_0017_0060_0051_0031.jpg 1 17 60 51 31
0169_0021_0034_0067_0042.jpg 1 21 34 67 42
0170_0016_0034_0058_0036.jpg 1 16 34 58 36
0171_0025_0035_0064_0040.jpg 1 25 35 64 40
0172_0016_0009_0059_0037.jpg 1 16 9 59 37
0173_0015_0055_0058_0036.jpg 1 15 55 58 36
0174_0016_0039_0062_0038.jpg 1 16 39 62 38
0175_0010_0025_0056_0035.jpg 1 10 25 56 35
0176_0017_0047_0055_0034.jpg 1 17 47 55 34
0177_0019_0008_0066_0041.jpg 1 19 8 66 41
0178_0004_0032_0063_0039.jpg 1 4 32 63 39
0179_0027_0019_0065_0040.jpg 1 27 19 65 40
0180_0034_0049_0054_0033.jpg 1 34 49 54 33
0181_0033_0009_0062_0038.jpg 1 33 9 62 38
0182_0038_0045_0055_0034.jpg 1 38 45 55 34
0183_0026_0032_0049_0030.jpg 1 26 32 49 30
0184_0020_0020_0065_0040.jpg 1 20 20 65 40
0185_0028_0043_0049_0031.jpg 1 28 43 49 31
0186_0030_0012_0051_0032.jpg 1 30 12 51 32
0187_0029_0013_0055_0034.jpg 1 29 13 55 34
0188_0023_0025_0064_0040.jpg 1 23 25 64 40
0189_0005_0046_0064_0040.jpg 1 5 46 64 40
0190_0016_0007_0067_0041.jpg 1 16 7 67 41
0191_0003_0042_0069_0043.jpg 1 3 42 69 43
0192_0009_0049_0066_0041.jpg 1 9 49 66 41
0193_0025_0028_0065_0040.jpg 1 25 28 65 40
0194_0027_0018_0059_0036.jpg 1 27 18 59 36
0195_0035_0038_0060_0037.jpg 1 35 38 60 37
0196_0038_0055_0053_0033.jpg 1 38 55 53 33
0197_0013_0037_0049_0031.jpg 1 13 37 49 31
0198_0020_0026_0048_0030.jpg 1 20 26 48 30
0199_0038_0050_0056_0035.jpg 1 38 50 56 35
0200_0031_0047_0056_0035.jpg 1 31 47 56 35
0201_0033_0031_0053_0033.jpg 1 33 31 53 33
0202_0032_0042_0060_0037.jpg 1 32 42 60 37
0203_0023_0029_0056_0035.jpg 1 23 29 56 35
0204_0024_0052_0056_0035.jpg 1 24 52 56 35
0205_0036_0021_0059_0036.jpg 1 36 21 59 36
0206_0030_0050_0060_0037.jpg 1 30 50 60 37
0207_0026_0050_0057_0036.jpg 1 26 50 57 36
0208_0032_0017_0063_0039.jpg 1 32 17 63 39
0209_0015_0010_0065_0041.jpg 1 15 10 65 41
0210_0033_0019_0051_0032.jpg 1 33 19 51 32
0211_0016_0040_0051_0032.jpg 1 16 40 51 32
0212_0014_0037_0050_0031.jpg 1 14 37 50 31
0213_0024_0047_0067_0042.jpg 1 24 47 67 42
0214_0005_0034_0053_0033.jpg 1 5 34 53 33
0215_0021_0019_0054_0033.jpg 1 21 19 54 33
0216_0028_0018_0059_0037.jpg 1 28 18 59 37
0217_0021_0036_0051_0032.jpg 1 21 36 51 32
0218_0016_0018_0057_0035.jpg 1 16 18 57 35
0219_0005_0022_0062_0039.jpg 1 5 22 62 39
0220_0037_0055_0057_0036.jpg 1 37 55 57 36
0221_0013_0061_0049_0030.jpg 1 13 61 49 30
0222_0022_0013_0066_0041.jpg 1 22 13 66 41
0223_0032_0018_0063_0039.jpg 1 32 18 63 39
0224_0011_0026_0049_0031.jpg 1 11 26 49 31
0225_0044_0010_0048_0030.jpg 1 44 10 48 30
0226_0010_0049_0066_0041.jpg 1 10 49 66 41
0227_0022_0021_0058_0036.jpg 1 22 21 58 36
0228_0032_0030_0056_0035.jpg 1 32 30 56 35
0229_0004_0027_0065_0041.jpg 1 4 27 65 41
0230_0041_0056_0054_0033.jpg 1 41 56 54 33
0231_0009_0046_0049_0031.jpg 1 9 46 49 31
0232_0008_0031_0069_0043.jpg 1 8 31 69 43
0233_0034_0051_0051_0032.jpg 1 34 51 51 32
0234_0036_0061_0049_0030.jpg 1 36 61 49 30
0235_0028_0018_0066_0041.jpg 1 28 18 66 41
0236_0012_0009_0068_0042.jpg 1 12 9 68 42
0237_0005_0031_0062_0038.jpg 1 5 31 62 38
0238_0039_0059_0048_0030.jpg 1 39 59 48 30
0239_0029_0057_0059_0036.jpg 1 29 57 59 36
0240_0016_0040_0063_0039.jpg 1 16 40 63 39
0241_0014_0049_0061_0038.jpg 1 14 49 61 38
0242_0007_0034_0058_0036.jpg 1 7 34 58 36
0243_0019_0024_0066_0041.jpg 1 19 24 66 41
0244_0027_0033_0059_0037.jpg 1 27 33 59 37
0245_0006_0014_0051_0032.jpg 1 6 14 51 32
0246_0019_0031_0055_0034.jpg 1 19 31 55 34
0247_0029_0043_0061_0038.jpg 1 29 43 61 38
0248_0032_0006_0062_0038.jpg 1 32 6 62 38
0249_0016_0061_0049_0030.jpg 1 16 61 49 30
0250_0022_0037_0057_0035.jpg 1 22 37 57 35
0251_0016_0049_0057_0035.jpg 1 16 49 57 35
0252_0005_0040_0050_0031.jpg 1 5 40 50 31
0253_0013_0053_0059_0036.jpg 1 13 53 59 36
0254_0018_0041_0061_0038.jpg 1 18 41 61 38
0255_0010_0023_0065_0040.jpg 1 10 23 65 40
0256_0016_0056_0057_0036.jpg 1 16 56 57 36
