0001_0019_0051_0066_0041.jpg 1 19 51 66 41
0002_0029_0032_0064_0040.jpg 1 29 32 64 40
0003_0013_0011_0054_0034.jpg 1 13 11 54 34
0004_0028_0029_0058_0036.jpg 1 28 29 58 36
0005_0033_0047_0057_0036.jpg 1 33 47 57 36
0006_0018_0033_0062_0038.jpg 1 18 33 62 38
0007_0014_0033_0065_0040.jpg 1 14 33 65 40
0008_0008_0044_0068_0042.jpg 1 8 44 68 42
0009_0008_0049_0056_0035.jpg 1 8 49 56 35
0010_0006_0029_0049_0030.jpg 1 6 29 49 30
0011_0038_0041_0052_0032.jpg 1 38 41 52 32
0012_0023_0012_0051_0032.jpg 1 23 12 51 32
0013_0010_0027_0053_0033.jpg 1 10 27 53 33
0014_0029_0017_0063_0039.jpg 1 29 17 63 39
0015_0025_0014_0053_0033.jpg 1 25 14 53 33
0016_0011_0021_0061_0038.jpg 1 11 21 61 38
0017_0008_0017_0061_0038.jpg 1 8 17 61 38
0018_0034_0021_0049_0030.jpg 1 34 21 49 30
0019_0037_0054_0052_0032.jpg 1 37 54 52 32
0020_0018_0036_0059_0037.jpg 1 18 36 59 37
0021_0009_0039_0056_0035.jpg 1 9 39 56 35
0022_0037_0035_0054_0033.jpg 1 37 35 54 33
0023_0016_0055_0056_0035.jpg 1 16 55 56 35
0024_0032_0041_0056_0035.jpg 1 32 41 56 35
0025_0005_0031_0067_0041.jpg 1 5 31 67 41
0026_0024_0016_0064_0040.jpg 1 24 16 64 40
0027_0017_0034_0053_0033.jpg 1 17 34 53 33
0028_0024_0046_0049_0031.jpg 1 24 46 49 31
0029_0014_0062_0049_0031.jpg 1 14 62 49 31
0030_0033_0057_0054_0034.jpg 1 33 57 54 34
0031_0012_0037_0058_0036.jpg 1 12 37 58 36
0032_0034_0028_0050_0031.jpg 1 34 28 50 31
0033_0038_0044_0050_0031.jpg 1 38 44 50 31
0034_0018_0008_0057_0036.jpg 1 18 8 57 36
0035_0028_0040_0064_0040.jpg 1 28 40 64 40
0036_0004_0009_0066_0041.jpg 1 4 9 66 41
0037_0036_0016_0050_0031.jpg 1 36 16 50 31
0038_0042_0033_0050_0031.jpg 1 42 33 50 31
0039_0016_0043_0058_0036.jpg 1 16 43 58 36
0040_0016_0033_0063_0039.jpg 1 16 33 63 39
0041_0038_0035_0054_0033.jpg 1 38 35 54 33
0042_0004_0050_0067_0042.jpg 1 4 50 67 42
0043_0024_0018_0058_0036.jpg 1 24 18 58 36
0044_0013_0049_0059_0037.jpg 1 13 49 59 37
0045_0015_0027_0052_0032.jpg 1 15 27 52 32
0046_0020_0041_0052_0032.jpg 1 20 41 52 32
0047_0008_0055_0060_0037.jpg 1 8 55 60 37
0048_0014_0012_0053_0033.jpg 1 14 12 53 33
0049_0028_0012_0063_0039.jpg 1 28 12 63 39
0050_0045_0040_0049_0031.jpg 1 45 40 49 31
0051_0014_0030_0052_0032.jpg 1 14 30 52 32
0052_0005_0014_0065_0040.jpg 1 5 14 65 40
0053_0039_0035_0055_0034.jpg 1 39 35 55 34
0054_0008_0029_0062_0039.jpg 1 8 29 62 39
0055_0024_0017_0059_0037.jpg 1 24 17 59 37
0056_0040_0061_0050_0031.jpg 1 40 61 50 31
0057_0012_0047_0064_0040.jpg 1 12 47 64 40
0058_0020_0048_0064_0040.jpg 1 20 48 64 40
0059_0011_0050_0066_0041.jpg 1 11 50 66 41
0060_0011_0033_0069_0043.jpg 1 11 33 69 43
0061_0024_0054_0050_0031.jpg 1 24 54 50 31
0062_0028_0048_0055_0034.jpg 1 28 48 55 34
0063_0029_0013_0056_0035.jpg 1 29 13 56 35
0064_0033_0045_0051_0031.jpg 1 33 45 51 31
0065_0015_0036_0067_0042.jpg 1 15 36 67 42
0066_0014_0048_0062_0038.jpg 1 14 48 62 38
0067_0021_0040_0068_0042.jpg 1 21 40 68 42
0068_0017_0030_0059_0036.jpg 1 17 30 59 36
0069_0013_0058_0056_0035.jpg 1 13 58 56 35
0070_0027_0057_0058_0036.jpg 1 27 57 58 36
0071_0024_0021_0059_0037.jpg 1 24 21 59 37
0072_0013_0007_0068_0042.jpg 1 13 7 68 42
0073_0029_0038_0055_0034.jpg 1 29 38 55 34
0074_0022_0057_0052_0032.jpg 1 22 57 52 32
0075_0031_0023_0049_0031.jpg 1 31 23 49 31
0076_0035_0053_0057_0036.jpg 1 35 53 57 36
0077_0006_0037_0055_0034.jpg 1 6 37 55 34
0078_0012_0014_0065_0041.jpg 1 12 14 65 41
0079_0014_0029_0053_0033.jpg 1 14 29 53 33
0080_0021_0013_0063_0039.jpg 1 21 13 63 39
0081_0016_0026_0068_0042.jpg 1 16 26 68 42
0082_0010_0033_0069_0043.jpg 1 10 33 69 43
0083_0022_0026_0053_0033.jpg 1 22 26 53 33
0084_0017_0021_0062_0039.jpg 1 17 21 62 39
0085_0013_0049_0062_0039.jpg 1 13 49 62 39
0086_0032_0033_0061_0038.jpg 1 32 33 61 38
0087_0005_0032_0056_0035.jpg 1 5 32 56 35
0088_0034_0022_0055_0034.jpg 1 34 22 55 34
0089_0010_0007_0058_0036.jpg 1 10 7 58 36
0090_0009_0048_0056_0035.jpg 1 9 48 56 35
0091_0040_0043_0053_0033.jpg 1 40 43 53 33
0092_0030_0027_0061_0038.jpg 1 30 27 61 38
0093_0017_0039_0065_0040.jpg 1 17 39 65 40
0094_0023_0024_0054_0034.jpg 1 23 24 54 34
0095_0034_0012_0056_0035.jpg 1 34 12 56 35
0096_0029_0017_0056_0035.jpg 1 29 17 56 35
0097_0030_0020_0056_0035.jpg 1 30 20 56 35
0098_0016_0036_0057_0035.jpg 1 16 36 57 35
0099_0012_0048_0066_0041.jpg 1 12 48 66 41
0100_0014_0007_0056_0035.jpg 1 14 7 56 35
0101_0014_0033_0062_0039.jpg 1 14 33 62 39
0102_0044_0053_0049_0030.jpg 1 44 53 49 30
0103_0025_0036_0050_0031.jpg 1 25 36 50 31
0104_0019_0030_0068_0042.jpg 1 19 30 68 42
0105_0026_0055_0055_0034.jpg 1 26 55 55 34
0106_0020_0021_0065_0040.jpg 1 20 21 65 40
0107_0008_0019_0050_0031.jpg 1 8 19 50 31
0108_0004_0048_0064_0040.jpg 1 4 48 64 40
0109_0017_0045_0051_0032.jpg 1 17 45 51 32
0110_0019_0024_0060_0037.jpg 1 19 24 60 37
0111_0025_0009_0050_0031.jpg 1 25 9 50 31
0112_0010_0012_0057_0035.jpg 1 10 12 57 35
0113_0016_0030_0069_0043.jpg 1 16 30 69 43
0114_0026_0038_0062_0038.jpg 1 26 38 62 38
0115_0041_0056_0052_0033.jpg 1 41 56 52 33
0116_0030_0056_0055_0034.jpg 1 30 56 55 34
0117_0011_0007_0067_0042.jpg 1 11 7 67 42
0118_0025_0030_0049_0031.jpg 1 25 30 49 31
0119_0029_0043_0065_0041.jpg 1 29 43 65 41
0120_0027_0051_0051_0032.jpg 1 27 51 51 32
0121_0031_0019_0055_0034.jpg 1 31 19 55 34
0122_0031_0016_0060_0037.jpg 1 31 16 60 37
0123_0033_0016_0061_0038.jpg 1 33 16 61 38
0124_0024_0019_0064_0040.jpg 1 24 19 64 40
0125_0008_0048_0067_0041.jpg 1 8 48 67 41
0126_0039_0034_0050_0031.jpg 1 39 34 50 31
0127_0031_0033_0054_0033.jpg 1 31 33 54 33
0128_0013_0011_0054_0034.jpg 1 13 11 54 34
0129_0009_0009_0055_0034.jpg 1 9 9 55 34
0130_0005_0052_0057_0035.jpg 1 5 52 57 35
0131_0021_0044_0059_0037.jpg 1 21 44 59 37
0132_0043_0007_0050_0031.jpg 1 43 7 50 31
0133_0012_0032_0049_0031.jpg 1 12 32 49 31
0134_0019_0032_0066_0041.jpg 1 19 32 66 41
0135_0007_0033_0057_0036.jpg 1 7 33 57 36
0136_0027_0049_0051_0032.jpg 1 27 49 51 32
0137_0041_0027_0049_0030.jpg 1 41 27 49 30
0138_0025_0059_0054_0033.jpg 1 25 59 54 33
0139_0011_0036_0066_0041.jpg 1 11 36 66 41
0140_0008_0016_0068_0042.jpg 1 8 16 68 42
0141_0036_0055_0052_0032.jpg 1 36 55 52 32
0142_0017_0054_0057_0035.jpg 1 17 54 57 35
0143_0041_0051_0052_0033.jpg 1 41 51 52 33
0144_0043_0012_0048_0030.jpg 1 43 12 48 30
0145_0025_0049_0057_0036.jpg 1 25 49 57 36
0146_0015_0025_0066_0041.jpg 1 15 25 66 41
0147_0003_0036_0067_0042.jpg 1 3 36 67 42
0148_0016_0018_0067_0042.jpg 1 16 18 67 42
0149_0024_0030_0061_0038.jpg 1 24 30 61 38
0150_0027_0057_0053_0033.jpg 1 27 57 53 33
0151_0031_0027_0062_0039.jpg 1 31 27 62 39
0152_0020_0054_0059_0036.jpg 1 20 54 59 36
0153_0008_0049_0061_0038.jpg 1 8 49 61 38
0154_0012_0033_0061_0038.jpg 1 12 33 61 38
0155_0003_0006_0063_0039.jpg 1 3 6 63 39
0156_0009_0010_0060_0037.jpg 1 9 10 60 37
0157_0034_0028_0053_0033.jpg 1 34 28 53 33
0158_0006_0014_0059_0037.jpg 1 6 14 59 37
0159_0011_0018_0049_0030.jpg 1 11 18 49 30
0160_0008_0010_0048_0030.jpg 1 8 10 48 30
0161_0011_0015_0053_0033.jpg 1 11 15 53 33
0162_0006_0047_0051_0032.jpg 1 6 47 51 32
0163_0019_0016_0068_0042.jpg 1 19 16 68 42
0164_0023_0032_0061_0038.jpg 1 23 32 61 38
0165_0007_0051_0063_0039.jpg 1 7 51 63 39
0166_0031_0043_0053_0033.jpg 1 31 43 53 33
0167_0027_0051_0049_0031.jpg 1 27 51 49 31
0168_0029_0045_0055_0034.jpg 1 29 45 55 34
0169_0004_0014_0069_0043.jpg 1 4 14 69 43
0170_0036_0024_0049_0030.jpg 1 36 24 49 30
0171_0018_0046_0061_0038.jpg 1 18 46 61 38
0172_0029_0039_0052_0032.jpg 1 29 39 52 32
0173_0008_0017_0062_0038.jpg 1 8 17 62 38
0174_0031_0033_0055_0034.jpg 1 31 33 55 34
0175_0013_0027_0048_0030.jpg 1 13 27 48 30
0176_0034_0014_0058_0036.jpg 1 34 14 58 36
0177_0016_0046_0068_0042.jpg 1 16 46 68 42
0178_0044_0021_0049_0030.jpg 1 44 21 49 30
0179_0034_0058_0049_0031.jpg 1 34 58 49 31
0180_0027_0043_0048_0030.jpg 1 27 43 48 30
0181_0041_0009_0052_0032.jpg 1 41 9 52 32
0182_0011_0041_0068_0042.jpg 1 11 41 68 42
0183_0022_0011_0051_0031.jpg 1 22 11 51 31
0184_0003_0024_0066_0041.jpg 1 3 24 66 41
0185_0023_0039_0067_0041.jpg 1 23 39 67 41
0186_0008_0011_0051_0032.jpg 1 8 11 51 32
0187_0015_0049_0069_0043.jpg 1 15 49 69 43
0188_0023_0050_0066_0041.jpg 1 23 50 66 41
0189_0021_0015_0049_0031.jpg 1 21 15 49 31
0190_0017_0039_0058_0036.jpg 1 17 39 58 36
0191_0013_0007_0058_0036.jpg 1 13 7 58 36
0192_0028_0034_0061_0038.jpg 1 28 34 61 38
0193_0012_0018_0068_0042.jpg 1 12 18 68 42
0194_0041_0038_0050_0031.jpg 1 41 38 50 31
0195_0015_0027_0048_0030.jpg 1 15 27 48 30
0196_0032_0046_0048_0030.jpg 1 32 46 48 30
0197_0023_0016_0066_0041.jpg 1 23 16 66 41
0198_0018_0029_0054_0034.jpg 1 18 29 54 34
0199_0027_0013_0065_0041.jpg 1 27 13 65 41
0200_0027_0039_0061_0038.jpg 1 27 39 61 38
0201_0020_0047_0061_0038.jpg 1 20 47 61 38
0202_0027_0024_0062_0039.jpg 1 27 24 62 39
0203_0031_0008_0061_0038.jpg 1 31 8 61 38
0204_0012_0054_0055_0034.jpg 1 12 54 55 34
0205_0035_0009_0060_0038.jpg 1 35 9 60 38
0206_0007_0008_0069_0043.jpg 1 7 8 69 43
0207_0028_0048_0063_0039.jpg 1 28 48 63 39
0208_0008_0043_0066_0041.jpg 1 8 43 66 41
0209_0030_0035_0055_0034.jpg 1 30 35 55 34
0210_0018_0053_0061_0038.jpg 1 18 53 61 38
0211_0027_0033_0065_0040.jpg 1 27 33 65 40
0212_0006_0007_0056_0035.jpg 1 6 7 56 35
0213_0033_0040_0060_0038.jpg 1 33 40 60 38
0214_0024_0028_0058_0036.jpg 1 24 28 58 36
0215_0029_0051_0065_0041.jpg 1 29 51 65 41
0216_0017_0051_0065_0040.jpg 1 17 51 65 40
0217_0026_0006_0060_0037.jpg 1 26 6 60 37
0218_0007_0031_0059_0037.jpg 1 7 31 59 37
0219_0037_0043_0051_0032.jpg 1 37 43 51 32
0220_0014_0030_0049_0030.jpg 1 14 30 49 30
0221_0030_0031_0050_0031.jpg 1 30 31 50 31
0222_0010_0045_0057_0036.jpg 1 10 45 57 36
0223_0020_0049_0062_0038.jpg 1 20 49 62 38
0224_0037_0022_0055_0034.jpg 1 37 22 55 34
0225_0009_0032_0057_0035.jpg 1 9 32 57 35
0226_0012_0008_0068_0042.jpg 1 12 8 68 42
0227_0026_0059_0053_0033.jpg 1 26 59 53 33
0228_0020_0022_0059_0037.jpg 1 20 22 59 37
0229_0024_0010_0069_0043.jpg 1 24 10 69 43
0230_0004_0042_0065_0040.jpg 1 4 42 65 40
0231_0023_0049_0060_0038.jpg 1 23 49 60 38
0232_0014_0007_0064_0040.jpg 1 14 7 64 40
0233_0019_0049_0068_0042.jpg 1 19 49 68 42
0234_0005_0008_0049_0031.jpg 1 5 8 49 31
0235_0008_0014_0054_0033.jpg 1 8 14 54 33
0236_0025_0036_0065_0040.jpg 1 25 36 65 40
0237_0021_0057_0048_0030.jpg 1 21 57 48 30
0238_0041_0009_0053_0033.jpg 1 41 9 53 33
0239_0017_0031_0054_0033.jpg 1 17 31 54 33
0240_0038_0053_0049_0030.jpg 1 38 53 49 30
0241_0019_0011_0054_0034.jpg 1 19 11 54 34
0242_0025_0006_0062_0038.jpg 1 25 6 62 38
0243_0023_0044_0069_0043.jpg 1 23 44 69 43
0244_0011_0020_0067_0042.jpg 1 11 20 67 42
0245_0031_0033_0053_0033.jpg 1 31 33 53 33
0246_0019_0058_0052_0033.jpg 1 19 58 52 33
0247_0037_0039_0053_0033.jpg 1 37 39 53 33
0248_0022_0012_0067_0042.jpg 1 22 12 67 42
0249_0010_0032_0061_0038.jpg 1 10 32 61 38
0250_0022_0044_0061_0038.jpg 1 22 44 61 38
0251_0014_0008_0050_0031.jpg 1 14 8 50 31
0252_0008_0016_0050_0031.jpg 1 8 16 50 31
0253_0037_0028_0048_0030.jpg 1 37 28 48 30
0254_0007_0006_0063_0039.jpg 1 7 6 63 39
0255_0015_0048_0067_0041.jpg 1 15 48 67 41
0256_0006_0035_0063_0039.jpg 1 6 35 63 39
