0001_0017_0017_0056_0035.jpg 1 17 17 56 35
0002_0024_0032_0052_0032.jpg 1 24 32 52 32
0003_0027_0037_0057_0035.jpg 1 27 37 57 35
0004_0020_0034_0058_0036.jpg 1 20 34 58 36
0005_0008_0010_0069_0043.jpg 1 8 10 69 43
0006_0020_0022_0064_0040.jpg 1 20 22 64 40
0007_0008_0039_0066_0041.jpg 1 8 39 66 41
0008_0011_0028_0060_0037.jpg 1 11 28 60 37
0009_0005_0029_0061_0038.jpg 1 5 29 61 38
0010_0013_0015_0059_0037.jpg 1 13 15 59 37
0011_0035_0029_0049_0030.jpg 1 35 29 49 30
0012_0023_0048_0055_0034.jpg 1 23 48 55 34
0013_0022_0043_0069_0043.jpg 1 22 43 69 43
0014_0028_0015_0057_0035.jpg 1 28 15 57 35
0015_0022_0039_0062_0039.jpg 1 22 39 62 39
0016_0014_0010_0068_0042.jpg 1 14 10 68 42
0017_0037_0027_0048_0030.jpg 1 37 27 48 30
0018_0019_0047_0069_0043.jpg 1 19 47 69 43
0019_0023_0037_0067_0042.jpg 1 23 37 67 42
0020_0025_0055_0058_0036.jpg 1 25 55 58 36
0021_0021_0044_0056_0035.jpg 1 21 44 56 35
0022_0029_0045_0054_0034.jpg 1 29 45 54 34
0023_0026_0050_0055_0034.jpg 1 26 50 55 34
0024_0017_0008_0056_0035.jpg 1 17 8 56 35
0025_0020_0051_0049_0030.jpg 1 20 51 49 30
0026_0036_0023_0048_0030.jpg 1 36 23 48 30
0027_0026_0034_0069_0043.jpg 1 26 34 69 43
0028_0035_0044_0054_0033.jpg 1 35 44 54 33
0029_0015_0023_0066_0041.jpg 1 15 23 66 41
0030_0039_0053_0052_0032.jpg 1 39 53 52 32
0031_0017_0055_0057_0035.jpg 1 17 55 57 35
0032_0009_0053_0049_0030.jpg 1 9 53 49 30
0033_0005_0021_0057_0035.jpg 1 5 21 57 35
0034_0027_0021_0055_0034.jpg 1 27 21 55 34
0035_0031_0009_0051_0032.jpg 1 31 9 51 32
0036_0037_0010_0052_0032.jpg 1 37 10 52 32
0037_0026_0006_0067_0041.jpg 1 26 6 67 41
0038_0017_0043_0067_0042.jpg 1 17 43 67 42
0039_0029_0036_0050_0031.jpg 1 29 36 50 31
0040_0005_0022_0069_0043.jpg 1 5 22 69 43
0041_0027_0030_0063_0039.jpg 1 27 30 63 39
0042_0003_0024_0069_0043.jpg 1 3 24 69 43
0043_0027_0031_0064_0040.jpg 1 27 31 64 40
0044_0013_0051_0062_0039.jpg 1 13 51 62 39
0045_0039_0018_0051_0031.jpg 1 39 18 51 31
0046_0027_0015_0061_0038.jpg 1 27 15 61 38
0047_0016_0010_0058_0036.jpg 1 16 10 58 36
0048_0026_0054_0052_0032.jpg 1 26 54 52 32
0049_0005_0041_0060_0037.jpg 1 5 41 60 37
0050_0019_0013_0066_0041.jpg 1 19 13 66 41
0051_0017_0050_0057_0036.jpg 1 17 50 57 36
0052_0041_0016_0052_0032.jpg 1 41 16 52 32
0053_0021_0028_0051_0032.jpg 1 21 28 51 32
0054_0040_0021_0052_0032.jpg 1 40 21 52 32
0055_0041_0041_0049_0030.jpg 1 41 41 49 30
0056_0012_0035_0054_0034.jpg 1 12 35 54 34
0057_0007_0017_0064_0040.jpg 1 7 17 64 40
0058_0021_0021_0050_0031.jpg 1 21 21 50 31
0059_0016_0020_0067_0042.jpg 1 16 20 67 42
0060_0011_0035_0054_0034.jpg 1 11 35 54 34
0061_0008_0039_0069_0043.jpg 1 8 39 69 43
0062_0025_0050_0064_0040.jpg 1 25 50 64 40
0063_0003_0031_0069_0043.jpg 1 3 31 69 43
0064_0021_0049_0051_0032.jpg 1 21 49 51 32
0065_0036_0034_0052_0032.jpg 1 36 34 52 32
0066_0008_0037_0053_0033.jpg 1 8 37 53 33
0067_0034_0059_0053_0033.jpg 1 34 59 53 33
0068_0029_0019_0059_0037.jpg 1 29 19 59 37
0069_0018_0023_0066_0041.jpg 1 18 23 66 41
0070_0006_0021_0049_0031.jpg 1 6 21 49 31
0071_0010_0052_0056_0035.jpg 1 10 52 56 35
0072_0021_0048_0049_0030.jpg 1 21 48 49 30
0073_0011_0024_0051_0032.jpg 1 11 24 51 32
0074_0023_0034_0058_0036.jpg 1 23 34 58 36
0075_0024_0030_0059_0037.jpg 1 24 30 59 37
0076_0043_0050_0048_0030.jpg 1 43 50 48 30
0077_0028_0012_0066_0041.jpg 1 28 12 66 41
0078_0013_0028_0050_0031.jpg 1 13 28 50 31
0079_0038_0022_0057_0036.jpg 1 38 22 57 36
0080_0017_0048_0069_0043.jpg 1 17 48 69 43
0081_0027_0015_0055_0034.jpg 1 27 15 55 34
0082_0029_0042_0051_0032.jpg 1 29 42 51 32
0083_0031_0046_0059_0037.jpg 1 31 46 59 37
0084_0012_0044_0067_0042.jpg 1 12 44 67 42
0085_0035_0046_0055_0034.jpg 1 35 46 55 34
0086_0037_0049_0050_0031.jpg 1 37 49 50 31
0087_0026_0036_0057_0035.jpg 1 26 36 57 35
0088_0032_0040_0048_0030.jpg 1 32 40 48 30
0089_0029_0019_0062_0039.jpg 1 29 19 62 39
0090_0006_0037_0060_0037.jpg 1 6 37 60 37
0091_0014_0022_0065_0040.jpg 1 14 22 65 40
0092_0022_0011_0050_0031.jpg 1 22 11 50 31
0093_0028_0016_0066_0041.jpg 1 28 16 66 41
0094_0011_0031_0050_0031.jpg 1 11 31 50 31
0095_0018_0033_0061_0038.jpg 1 18 33 61 38
0096_0021_0013_0048_0030.jpg 1 21 13 48 30
0097_0014_0033_0058_0036.jpg 1 14 33 58 36
0098_0029_0049_0061_0038.jpg 1 29 49 61 38
0099_0006_0057_0055_0034.jpg 1 6 57 55 34
0100_0016_0039_0065_0040.jpg 1 16 39 65 40
0101_0009_0006_0068_0043.jpg 1 9 6 68 43
0102_0031_0029_0063_0039.jpg 1 31 29 63 39
0103_0019_0040_0051_0031.jpg 1 19 40 51 31
0104_0030_0011_0061_0038.jpg 1 30 11 61 38
0105_0029_0022_0060_0037.jpg 1 29 22 60 37
0106_0017_0009_0057_0036.jpg 1 17 9 57 36
0107_0032_0023_0060_0037.jpg 1 32 23 60 37
0108_0003_0032_0067_0042.jpg 1 3 32 67 42
0109_0022_0010_0057_0035.jpg 1 22 10 57 35
0110_0021_0043_0060_0037.jpg 1 21 43 60 37
0111_0011_0028_0062_0039.jpg 1 11 28 62 39
0112_0029_0019_0066_0041.jpg 1 29 19 66 41
0113_0029_0026_0066_0041.jpg 1 29 26 66 41
0114_0029_0041_0058_0036.jpg 1 29 41 58 36
0115_0018_0020_0067_0042.jpg 1 18 20 67 42
0116_0006_0026_0060_0037.jpg 1 6 26 60 37
0117_0012_0048_0065_0041.jpg 1 12 48 65 41
0118_0022_0044_0065_0041.jpg 1 22 44 65 41
0119_0025_0035_0057_0035.jpg 1 25 35 57 35
0120_0023_0031_0064_0040.jpg 1 23 31 64 40
0121_0013_0047_0059_0037.jpg 1 13 47 59 37
0122_0004_0032_0053_0033.jpg 1 4 32 53 33
0123_0023_0024_0063_0039.jpg 1 23 24 63 39
0124_0015_0052_0064_0040.jpg 1 15 52 64 40
0125_0027_0021_0048_0030.jpg 1 27 21 48 30
0126_0026_0047_0066_0041.jpg 1 26 47 66 41
0127_0031_0057_0056_0035.jpg 1 31 57 56 35
0128_0017_0048_0067_0042.jpg 1 17 48 67 42
