0001_0035_0019_0061_0038.jpg 1 35 19 61 38
0002_0010_0016_0058_0036.jpg 1 10 16 58 36
0003_0005_0021_0067_0041.jpg 1 5 21 67 41
0004_0012_0007_0066_0041.jpg 1 12 7 66 41
0005_0024_0006_0061_0038.jpg 1 24 6 61 38
0006_0012_0046_0065_0040.jpg 1 12 46 65 40
0007_0039_0036_0055_0034.jpg 1 39 36 55 34
0008_0022_0024_0050_0031.jpg 1 22 24 50 31
0009_0020_0012_0067_0042.jpg 1 20 12 67 42
0010_0017_0018_0059_0037.jpg 1 17 18 59 37
0011_0029_0058_0054_0034.jpg 1 29 58 54 34
0012_0018_0049_0064_0040.jpg 1 18 49 64 40
0013_0017_0016_0054_0034.jpg 1 17 16 54 34
0014_0013_0022_0058_0036.jpg 1 13 22 58 36
0015_0019_0051_0061_0038.jpg 1 19 51 61 38
0016_0029_0047_0051_0032.jpg 1 29 47 51 32
0017_0028_0038_0055_0034.jpg 1 28 38 55 34
0018_0037_0027_0048_0030.jpg 1 37 27 48 30
0019_0037_0010_0057_0036.jpg 1 37 10 57 36
0020_0032_0007_0061_0038.jpg 1 32 7 61 38
0021_0030_0038_0052_0033.jpg 1 30 38 52 33
0022_0009_0029_0052_0033.jpg 1 9 29 52 33
0023_0004_0019_0060_0038.jpg 1 4 19 60 38
0024_0019_0014_0068_0042.jpg 1 19 14 68 42
0025_0022_0020_0062_0039.jpg 1 22 20 62 39
0026_0036_0054_0058_0036.jpg 1 36 54 58 36
0027_0004_0013_0056_0035.jpg 1 4 13 56 35
0028_0027_0059_0049_0031.jpg 1 27 59 49 31
0029_0012_0040_0062_0039.jpg 1 12 40 62 39
0030_0022_0033_0062_0038.jpg 1 22 33 62 38
0031_0016_0023_0057_0036.jpg 1 16 23 57 36
0032_0022_0061_0050_0031.jpg 1 22 61 50 31
0033_0015_0015_0064_0040.jpg 1 15 15 64 40
0034_0023_0039_0059_0037.jpg 1 23 39 59 37
0035_0023_0044_0063_0039.jpg 1 23 44 63 39
0036_0034_0013_0051_0032.jpg 1 34 13 51 32
0037_0036_0061_0051_0031.jpg 1 36 61 51 31
0038_0011_0020_0069_0043.jpg 1 11 20 69 43
0039_0006_0048_0048_0030.jpg 1 6 48 48 30
0040_0010_0041_0069_0043.jpg 1 10 41 69 43
0041_0028_0042_0055_0034.jpg 1 28 42 55 34
0042_0014_0010_0068_0042.jpg 1 14 10 68 42
0043_0016_0013_0052_0032.jpg 1 16 13 52 32
0044_0036_0016_0056_0035.jpg 1 36 16 56 35
0045_0020_0010_0068_0042.jpg 1 20 10 68 42
0046_0015_0025_0064_0040.jpg 1 15 25 64 40
0047_0023_0022_0050_0031.jpg 1 23 22 50 31
0048_0014_0044_0069_0043.jpg 1 14 44 69 43
0049_0028_0011_0062_0039.jpg 1 28 11 62 39
0050_0011_0048_0067_0042.jpg 1 11 48 67 42
0051_0015_0043_0062_0038.jpg 1 15 43 62 38
0052_0009_0056_0051_0032.jpg 1 9 56 51 32
0053_0032_0006_0057_0035.jpg 1 32 6 57 35
0054_0016_0047_0063_0039.jpg 1 16 47 63 39
0055_0021_0037_0060_0037.jpg 1 21 37 60 37
0056_0004_0033_0068_0043.jpg 1 4 33 68 43
0057_0007_0010_0058_0036.jpg 1 7 10 58 36
0058_0014_0032_0068_0042.jpg 1 14 32 68 42
0059_0014_0048_0051_0032.jpg 1 14 48 51 32
0060_0006_0041_0049_0030.jpg 1 6 41 49 30
0061_0019_0048_0052_0032.jpg 1 19 48 52 32
0062_0036_0030_0051_0032.jpg 1 36 30 51 32
0063_0014_0058_0054_0033.jpg 1 14 58 54 33
0064_0021_0038_0063_0039.jpg 1 21 38 63 39
0065_0009_0033_0058_0036.jpg 1 9 33 58 36
0066_0035_0040_0058_0036.jpg 1 35 40 58 36
0067_0006_0025_0066_0041.jpg 1 6 25 66 41
0068_0023_0031_0055_0034.jpg 1 23 31 55 34
0069_0019_0047_0065_0040.jpg 1 19 47 65 40
0070_0032_0028_0053_0033.jpg 1 32 28 53 33
0071_0019_0045_0067_0041.jpg 1 19 45 67 41
0072_0026_0031_0064_0040.jpg 1 26 31 64 40
0073_0011_0046_0049_0030.jpg 1 11 46 49 30
0074_0015_0047_0060_0037.jpg 1 15 47 60 37
0075_0015_0020_0062_0038.jpg 1 15 20 62 38
0076_0021_0014_0062_0038.jpg 1 21 14 62 38
0077_0020_0045_0057_0036.jpg 1 20 45 57 36
0078_0015_0048_0059_0037.jpg 1 15 48 59 37
0079_0006_0051_0066_0041.jpg 1 6 51 66 41
0080_0022_0018_0055_0034.jpg 1 22 18 55 34
0081_0008_0051_0054_0034.jpg 1 8 51 54 34
0082_0010_0035_0050_0031.jpg 1 10 35 50 31
0083_0006_0047_0069_0043.jpg 1 6 47 69 43
0084_0039_0024_0054_0034.jpg 1 39 24 54 34
0085_0010_0054_0056_0035.jpg 1 10 54 56 35
0086_0014_0059_0049_0030.jpg 1 14 59 49 30
0087_0018_0014_0056_0035.jpg 1 18 14 56 35
0088_0003_0035_0066_0041.jpg 1 3 35 66 41
0089_0041_0022_0051_0032.jpg 1 41 22 51 32
0090_0025_0030_0060_0037.jpg 1 25 30 60 37
0091_0005_0026_0055_0034.jpg 1 5 26 55 34
0092_0029_0050_0064_0040.jpg 1 29 50 64 40
0093_0011_0040_0064_0040.jpg 1 11 40 64 40
0094_0012_0029_0065_0040.jpg 1 12 29 65 40
0095_0033_0031_0049_0030.jpg 1 33 31 49 30
0096_0028_0040_0061_0038.jpg 1 28 40 61 38
0097_0005_0015_0067_0041.jpg 1 5 15 67 41
0098_0024_0028_0063_0039.jpg 1 24 28 63 39
0099_0027_0006_0068_0042.jpg 1 27 6 68 42
0100_0019_0013_0064_0040.jpg 1 19 13 64 40
0101_0007_0049_0054_0033.jpg 1 7 49 54 33
0102_0017_0046_0069_0043.jpg 1 17 46 69 43
0103_0030_0047_0060_0038.jpg 1 30 47 60 38
0104_0015_0031_0058_0036.jpg 1 15 31 58 36
0105_0030_0023_0051_0032.jpg 1 30 23 51 32
0106_0018_0016_0064_0040.jpg 1 18 16 64 40
0107_0031_0024_0059_0037.jpg 1 31 24 59 37
0108_0041_0019_0054_0033.jpg 1 41 19 54 33
0109_0031_0048_0051_0032.jpg 1 31 48 51 32
0110_0006_0055_0058_0036.jpg 1 6 55 58 36
0111_0027_0026_0067_0042.jpg 1 27 26 67 42
0112_0007_0008_0065_0040.jpg 1 7 8 65 40
0113_0023_0025_0054_0034.jpg 1 23 25 54 34
0114_0005_0054_0050_0031.jpg 1 5 54 50 31
0115_0027_0008_0059_0037.jpg 1 27 8 59 37
0116_0020_0042_0059_0037.jpg 1 20 42 59 37
0117_0005_0028_0056_0035.jpg 1 5 28 56 35
0118_0033_0008_0048_0030.jpg 1 33 8 48 30
0119_0006_0049_0062_0039.jpg 1 6 49 62 39
0120_0004_0013_0062_0039.jpg 1 4 13 62 39
0121_0011_0016_0054_0033.jpg 1 11 16 54 33
0122_0030_0032_0061_0038.jpg 1 30 32 61 38
0123_0008_0027_0069_0043.jpg 1 8 27 69 43
0124_0031_0050_0060_0038.jpg 1 31 50 60 38
0125_0028_0024_0061_0038.jpg 1 28 24 61 38
0126_0019_0012_0064_0040.jpg 1 19 12 64 40
0127_0021_0024_0065_0040.jpg 1 21 24 65 40
0128_0022_0045_0068_0042.jpg 1 22 45 68 42
