0001_0016_0032_0067_0041.jpg 1 16 32 67 41
0002_0028_0029_0066_0041.jpg 1 28 29 66 41
0003_0032_0032_0052_0032.jpg 1 32 32 52 32
0004_0005_0059_0050_0031.jpg 1 5 59 50 31
0005_0020_0050_0066_0041.jpg 1 20 50 66 41
0006_0024_0017_0067_0041.jpg 1 24 17 67 41
0007_0015_0007_0069_0043.jpg 1 15 7 69 43
0008_0027_0040_0060_0038.jpg 1 27 40 60 38
0009_0018_0029_0056_0035.jpg 1 18 29 56 35
0010_0024_0018_0067_0041.jpg 1 24 18 67 41
0011_0016_0038_0057_0036.jpg 1 16 38 57 36
0012_0026_0043_0060_0037.jpg 1 26 43 60 37
0013_0024_0061_0049_0030.jpg 1 24 61 49 30
0014_0036_0023_0051_0032.jpg 1 36 23 51 32
0015_0018_0018_0062_0038.jpg 1 18 18 62 38
0016_0016_0029_0066_0041.jpg 1 16 29 66 41
0017_0009_0024_0067_0041.jpg 1 9 24 67 41
0018_0027_0028_0055_0034.jpg 1 27 28 55 34
0019_0009_0041_0069_0043.jpg 1 9 41 69 43
0020_0023_0047_0050_0031.jpg 1 23 47 50 31
0021_0014_0041_0057_0035.jpg 1 14 41 57 35
0022_0018_0053_0052_0032.jpg 1 18 53 52 32
0023_0018_0030_0054_0034.jpg 1 18 30 54 34
0024_0018_0059_0051_0032.jpg 1 18 59 51 32
0025_0033_0035_0062_0038.jpg 1 33 35 62 38
0026_0024_0028_0067_0042.jpg 1 24 28 67 42
0027_0034_0052_0057_0035.jpg 1 34 52 57 35
0028_0013_0028_0060_0037.jpg 1 13 28 60 37
0029_0022_0023_0068_0043.jpg 1 22 23 68 43
0030_0028_0042_0051_0031.jpg 1 28 42 51 31
0031_0026_0047_0050_0031.jpg 1 26 47 50 31
0032_0033_0033_0062_0039.jpg 1 33 33 62 39
0033_0005_0047_0067_0042.jpg 1 5 47 67 42
0034_0018_0043_0068_0042.jpg 1 18 43 68 42
0035_0038_0050_0052_0033.jpg 1 38 50 52 33
0036_0007_0052_0052_0032.jpg 1 7 52 52 32
0037_0012_0009_0062_0038.jpg 1 12 9 62 38
0038_0011_0010_0064_0040.jpg 1 11 10 64 40
0039_0028_0052_0056_0035.jpg 1 28 52 56 35
0040_0013_0013_0063_0039.jpg 1 13 13 63 39
0041_0010_0053_0060_0037.jpg 1 10 53 60 37
0042_0005_0015_0069_0043.jpg 1 5 15 69 43
0043_0017_0034_0069_0043.jpg 1 17 34 69 43
0044_0041_0012_0050_0031.jpg 1 41 12 50 31
0045_0010_0025_0067_0041.jpg 1 10 25 67 41
0046_0010_0050_0068_0042.jpg 1 10 50 68 42
0047_0007_0053_0065_0040.jpg 1 7 53 65 40
0048_0038_0029_0057_0035.jpg 1 38 29 57 35
0049_0026_0030_0048_0030.jpg 1 26 30 48 30
0050_0014_0010_0068_0042.jpg 1 14 10 68 42
0051_0006_0018_0061_0038.jpg 1 6 18 61 38
0052_0039_0052_0051_0032.jpg 1 39 52 51 32
0053_0012_0027_0054_0033.jpg 1 12 27 54 33
0054_0015_0028_0062_0038.jpg 1 15 28 62 38
0055_0003_0036_0067_0042.jpg 1 3 36 67 42
0056_0004_0017_0066_0041.jpg 1 4 17 66 41
0057_0032_0052_0052_0032.jpg 1 32 52 52 32
0058_0021_0026_0067_0042.jpg 1 21 26 67 42
0059_0023_0058_0053_0033.jpg 1 23 58 53 33
0060_0020_0041_0063_0039.jpg 1 20 41 63 39
0061_0038_0050_0055_0034.jpg 1 38 50 55 34
0062_0006_0013_0069_0043.jpg 1 6 13 69 43
0063_0033_0024_0059_0036.jpg 1 33 24 59 36
0064_0018_0021_0068_0042.jpg 1 18 21 68 42
0065_0015_0024_0063_0039.jpg 1 15 24 63 39
0066_0027_0052_0051_0032.jpg 1 27 52 51 32
0067_0017_0046_0051_0032.jpg 1 17 46 51 32
0068_0034_0032_0058_0036.jpg 1 34 32 58 36
0069_0030_0029_0053_0033.jpg 1 30 29 53 33
0070_0035_0012_0049_0031.jpg 1 35 12 49 31
0071_0020_0030_0066_0041.jpg 1 20 30 66 41
0072_0017_0029_0056_0035.jpg 1 17 29 56 35
0073_0010_0010_0064_0040.jpg 1 10 10 64 40
0074_0004_0011_0053_0033.jpg 1 4 11 53 33
0075_0006_0029_0066_0041.jpg 1 6 29 66 41
0076_0008_0034_0062_0039.jpg 1 8 34 62 39
0077_0009_0031_0057_0036.jpg 1 9 31 57 36
0078_0024_0029_0069_0043.jpg 1 24 29 69 43
0079_0036_0020_0049_0031.jpg 1 36 20 49 31
0080_0015_0015_0060_0037.jpg 1 15 15 60 37
0081_0004_0045_0069_0043.jpg 1 4 45 69 43
0082_0017_0047_0056_0035.jpg 1 17 47 56 35
0083_0038_0014_0053_0033.jpg 1 38 14 53 33
0084_0015_0016_0064_0040.jpg 1 15 16 64 40
0085_0012_0024_0052_0032.jpg 1 12 24 52 32
0086_0017_0043_0048_0030.jpg 1 17 43 48 30
0087_0021_0036_0056_0035.jpg 1 21 36 56 35
0088_0033_0033_0048_0030.jpg 1 33 33 48 30
0089_0020_0042_0055_0034.jpg 1 20 42 55 34
0090_0008_0031_0059_0036.jpg 1 8 31 59 36
0091_0009_0045_0052_0032.jpg 1 9 45 52 32
0092_0009_0049_0063_0039.jpg 1 9 49 63 39
0093_0015_0017_0059_0036.jpg 1 15 17 59 36
0094_0009_0022_0068_0043.jpg 1 9 22 68 43
0095_0029_0021_0067_0042.jpg 1 29 21 67 42
0096_0042_0029_0048_0030.jpg 1 42 29 48 30
0097_0010_0027_0069_0043.jpg 1 10 27 69 43
0098_0028_0007_0052_0032.jpg 1 28 7 52 32
0099_0015_0040_0064_0040.jpg 1 15 40 64 40
0100_0006_0049_0054_0034.jpg 1 6 49 54 34
0101_0023_0017_0064_0040.jpg 1 23 17 64 40
0102_0019_0013_0068_0042.jpg 1 19 13 68 42
0103_0008_0050_0058_0036.jpg 1 8 50 58 36
0104_0028_0054_0052_0032.jpg 1 28 54 52 32
0105_0022_0016_0053_0033.jpg 1 22 16 53 33
0106_0021_0008_0055_0034.jpg 1 21 8 55 34
0107_0040_0016_0050_0031.jpg 1 40 16 50 31
0108_0016_0053_0048_0030.jpg 1 16 53 48 30
0109_0008_0020_0065_0041.jpg 1 8 20 65 41
0110_0014_0049_0058_0036.jpg 1 14 49 58 36
0111_0036_0039_0056_0035.jpg 1 36 39 56 35
0112_0013_0028_0063_0039.jpg 1 13 28 63 39
0113_0013_0014_0065_0041.jpg 1 13 14 65 41
0114_0025_0010_0055_0034.jpg 1 25 10 55 34
0115_0007_0037_0055_0034.jpg 1 7 37 55 34
0116_0030_0018_0063_0039.jpg 1 30 18 63 39
0117_0017_0036_0054_0034.jpg 1 17 36 54 34
0118_0024_0051_0053_0033.jpg 1 24 51 53 33
0119_0033_0017_0054_0034.jpg 1 33 17 54 34
0120_0041_0060_0051_0032.jpg 1 41 60 51 32
0121_0033_0008_0058_0036.jpg 1 33 8 58 36
0122_0027_0047_0063_0039.jpg 1 27 47 63 39
0123_0014_0049_0062_0039.jpg 1 14 49 62 39
0124_0035_0007_0052_0032.jpg 1 35 7 52 32
0125_0013_0049_0066_0041.jpg 1 13 49 66 41
0126_0016_0027_0062_0038.jpg 1 16 27 62 38
0127_0033_0050_0060_0038.jpg 1 33 50 60 38
0128_0008_0009_0069_0043.jpg 1 8 9 69 43
