0001_0021_0017_0053_0033.jpg 1 21 17 53 33
0002_0029_0030_0056_0035.jpg 1 29 30 56 35
0003_0018_0049_0052_0033.jpg 1 18 49 52 33
0004_0039_0033_0053_0033.jpg 1 39 33 53 33
0005_0020_0030_0055_0034.jpg 1 20 30 55 34
0006_0023_0013_0069_0043.jpg 1 23 13 69 43
0007_0020_0011_0055_0034.jpg 1 20 11 55 34
0008_0019_0050_0064_0040.jpg 1 19 50 64 40
0009_0026_0043_0064_0040.jpg 1 26 43 64 40
0010_0004_0016_0061_0038.jpg 1 4 16 61 38
0011_0009_0019_0057_0035.jpg 1 9 19 57 35
0012_0023_0040_0055_0034.jpg 1 23 40 55 34
0013_0024_0056_0049_0030.jpg 1 24 56 49 30
0014_0011_0014_0053_0033.jpg 1 11 14 53 33
0015_0040_0018_0051_0031.jpg 1 40 18 51 31
0016_0016_0007_0069_0043.jpg 1 16 7 69 43
0017_0013_0017_0067_0042.jpg 1 13 17 67 42
0018_0022_0048_0048_0030.jpg 1 22 48 48 30
0019_0025_0027_0063_0039.jpg 1 25 27 63 39
0020_0023_0039_0068_0042.jpg 1 23 39 68 42
0021_0022_0046_0049_0030.jpg 1 22 46 49 30
0022_0020_0010_0059_0037.jpg 1 20 10 59 37
0023_0005_0032_0069_0043.jpg 1 5 32 69 43
0024_0014_0012_0065_0040.jpg 1 14 12 65 40
0025_0004_0020_0069_0043.jpg 1 4 20 69 43
0026_0017_0018_0050_0031.jpg 1 17 18 50 31
0027_0013_0044_0056_0035.jpg 1 13 44 56 35
0028_0023_0010_0055_0034.jpg 1 23 10 55 34
0029_0026_0023_0061_0038.jpg 1 26 23 61 38
0030_0029_0020_0062_0038.jpg 1 29 20 62 38
0031_0011_0019_0069_0043.jpg 1 11 19 69 43
0032_0015_0018_0061_0038.jpg 1 15 18 61 38
0033_0031_0018_0055_0034.jpg 1 31 18 55 34
0034_0021_0054_0059_0037.jpg 1 21 54 59 37
0035_0018_0025_0054_0033.jpg 1 18 25 54 33
0036_0022_0053_0055_0034.jpg 1 22 53 55 34
0037_0009_0046_0065_0040.jpg 1 9 46 65 40
0038_0031_0009_0058_0036.jpg 1 31 9 58 36
0039_0022_0049_0057_0035.jpg 1 22 49 57 35
0040_0034_0056_0048_0030.jpg 1 34 56 48 30
0041_0024_0048_0051_0032.jpg 1 24 48 51 32
0042_0003_0007_0068_0042.jpg 1 3 7 68 42
0043_0032_0030_0050_0031.jpg 1 32 30 50 31
0044_0009_0018_0068_0043.jpg 1 9 18 68 43
0045_0029_0052_0051_0031.jpg 1 29 52 51 31
0046_0005_0008_0057_0035.jpg 1 5 8 57 35
0047_0009_0006_0067_0042.jpg 1 9 6 67 42
0048_0004_0045_0067_0041.jpg 1 4 45 67 41
0049_0029_0043_0061_0038.jpg 1 29 43 61 38
0050_0014_0040_0055_0034.jpg 1 14 40 55 34
0051_0018_0047_0056_0035.jpg 1 18 47 56 35
0052_0021_0035_0064_0040.jpg 1 21 35 64 40
0053_0014_0053_0054_0034.jpg 1 14 53 54 34
0054_0011_0050_0068_0043.jpg 1 11 50 68 43
0055_0016_0054_0063_0039.jpg 1 16 54 63 39
0056_0033_0008_0063_0039.jpg 1 33 8 63 39
0057_0029_0025_0050_0031.jpg 1 29 25 50 31
0058_0016_0022_0055_0034.jpg 1 16 22 55 34
0059_0024_0029_0050_0031.jpg 1 24 29 50 31
0060_0024_0043_0052_0032.jpg 1 24 43 52 32
0061_0020_0054_0048_0030.jpg 1 20 54 48 30
0062_0034_0036_0055_0034.jpg 1 34 36 55 34
0063_0039_0010_0052_0032.jpg 1 39 10 52 32
0064_0035_0021_0053_0033.jpg 1 35 21 53 33
0065_0014_0017_0056_0035.jpg 1 14 17 56 35
0066_0044_0036_0049_0031.jpg 1 44 36 49 31
0067_0006_0047_0052_0032.jpg 1 6 47 52 32
0068_0026_0021_0065_0040.jpg 1 26 21 65 40
0069_0042_0054_0051_0031.jpg 1 42 54 51 31
0070_0026_0024_0065_0040.jpg 1 26 24 65 40
0071_0011_0053_0056_0035.jpg 1 11 53 56 35
0072_0011_0008_0068_0043.jpg 1 11 8 68 43
0073_0022_0012_0052_0032.jpg 1 22 12 52 32
0074_0024_0017_0051_0032.jpg 1 24 17 51 32
0075_0006_0032_0069_0043.jpg 1 6 32 69 43
0076_0022_0056_0057_0035.jpg 1 22 56 57 35
0077_0015_0032_0067_0042.jpg 1 15 32 67 42
0078_0012_0041_0066_0041.jpg 1 12 41 66 41
0079_0031_0048_0061_0038.jpg 1 31 48 61 38
0080_0024_0024_0058_0036.jpg 1 24 24 58 36
0081_0022_0024_0069_0043.jpg 1 22 24 69 43
0082_0005_0020_0066_0041.jpg 1 5 20 66 41
0083_0022_0031_0059_0036.jpg 1 22 31 59 36
0084_0010_0019_0061_0038.jpg 1 10 19 61 38
0085_0027_0011_0058_0036.jpg 1 27 11 58 36
0086_0020_0046_0061_0038.jpg 1 20 46 61 38
0087_0006_0020_0067_0042.jpg 1 6 20 67 42
0088_0012_0049_0053_0033.jpg 1 12 49 53 33
0089_0004_0019_0067_0042.jpg 1 4 19 67 42
0090_0012_0056_0050_0031.jpg 1 12 56 50 31
0091_0032_0024_0051_0032.jpg 1 32 24 51 32
0092_0033_0014_0061_0038.jpg 1 33 14 61 38
0093_0041_0047_0053_0033.jpg 1 41 47 53 33
0094_0022_0018_0069_0043.jpg 1 22 18 69 43
0095_0003_0010_0069_0043.jpg 1 3 10 69 43
0096_0016_0040_0069_0043.jpg 1 16 40 69 43
0097_0013_0046_0066_0041.jpg 1 13 46 66 41
0098_0019_0019_0054_0034.jpg 1 19 19 54 34
0099_0023_0032_0063_0039.jpg 1 23 32 63 39
0100_0015_0014_0048_0030.jpg 1 15 14 48 30
0101_0011_0013_0068_0042.jpg 1 11 13 68 42
0102_0028_0055_0057_0035.jpg 1 28 55 57 35
0103_0009_0035_0055_0034.jpg 1 9 35 55 34
0104_0010_0018_0066_0041.jpg 1 10 18 66 41
0105_0024_0025_0052_0032.jpg 1 24 25 52 32
0106_0017_0042_0060_0037.jpg 1 17 42 60 37
0107_0029_0009_0059_0037.jpg 1 29 9 59 37
0108_0040_0023_0054_0034.jpg 1 40 23 54 34
0109_0034_0041_0055_0034.jpg 1 34 41 55 34
0110_0003_0008_0063_0039.jpg 1 3 8 63 39
0111_0021_0056_0058_0036.jpg 1 21 56 58 36
0112_0014_0017_0066_0041.jpg 1 14 17 66 41
0113_0033_0012_0060_0037.jpg 1 33 12 60 37
0114_0026_0027_0064_0040.jpg 1 26 27 64 40
0115_0027_0034_0068_0042.jpg 1 27 34 68 42
0116_0022_0025_0052_0032.jpg 1 22 25 52 32
0117_0028_0036_0066_0041.jpg 1 28 36 66 41
0118_0026_0053_0057_0036.jpg 1 26 53 57 36
0119_0040_0024_0054_0033.jpg 1 40 24 54 33
0120_0008_0052_0049_0030.jpg 1 8 52 49 30
0121_0006_0043_0065_0041.jpg 1 6 43 65 41
0122_0015_0038_0056_0035.jpg 1 15 38 56 35
0123_0023_0041_0069_0043.jpg 1 23 41 69 43
0124_0031_0056_0057_0035.jpg 1 31 56 57 35
0125_0023_0019_0052_0032.jpg 1 23 19 52 32
0126_0014_0031_0052_0032.jpg 1 14 31 52 32
0127_0022_0045_0060_0037.jpg 1 22 45 60 37
0128_0027_0007_0049_0031.jpg 1 27 7 49 31
