0001_0029_0028_0053_0033.jpg 1 29 28 53 33
0002_0028_0035_0067_0041.jpg 1 28 35 67 41
0003_0014_0013_0054_0034.jpg 1 14 13 54 34
0004_0027_0036_0057_0035.jpg 1 27 36 57 35
0005_0013_0019_0069_0043.jpg 1 13 19 69 43
0006_0027_0053_0059_0037.jpg 1 27 53 59 37
0007_0039_0027_0051_0032.jpg 1 39 27 51 32
0008_0035_0045_0049_0030.jpg 1 35 45 49 30
0009_0010_0013_0065_0040.jpg 1 10 13 65 40
0010_0022_0046_0060_0037.jpg 1 22 46 60 37
0011_0021_0046_0068_0042.jpg 1 21 46 68 42
0012_0008_0028_0054_0034.jpg 1 8 28 54 34
0013_0014_0016_0064_0040.jpg 1 14 16 64 40
0014_0033_0027_0060_0037.jpg 1 33 27 60 37
0015_0019_0030_0057_0035.jpg 1 19 30 57 35
0016_0008_0028_0069_0043.jpg 1 8 28 69 43
0017_0004_0041_0066_0041.jpg 1 4 41 66 41
0018_0019_0043_0056_0035.jpg 1 19 43 56 35
0019_0016_0044_0061_0038.jpg 1 16 44 61 38
0020_0013_0010_0060_0038.jpg 1 13 10 60 38
0021_0022_0050_0054_0033.jpg 1 22 50 54 33
0022_0022_0021_0062_0039.jpg 1 22 21 62 39
0023_0015_0008_0049_0031.jpg 1 15 8 49 31
0024_0010_0018_0068_0042.jpg 1 10 18 68 42
0025_0016_0018_0056_0035.jpg 1 16 18 56 35
0026_0010_0025_0060_0037.jpg 1 10 25 60 37
0027_0007_0038_0062_0038.jpg 1 7 38 62 38
0028_0012_0020_0069_0043.jpg 1 12 20 69 43
0029_0022_0051_0050_0031.jpg 1 22 51 50 31
0030_0023_0011_0064_0040.jpg 1 23 11 64 40
0031_0034_0055_0061_0038.jpg 1 34 55 61 38
0032_0022_0042_0068_0042.jpg 1 22 42 68 42
0033_0012_0041_0063_0039.jpg 1 12 41 63 39
0034_0008_0032_0063_0039.jpg 1 8 32 63 39
0035_0026_0039_0067_0042.jpg 1 26 39 67 42
0036_0016_0006_0066_0041.jpg 1 16 6 66 41
0037_0015_0009_0052_0032.jpg 1 15 9 52 32
0038_0007_0021_0056_0035.jpg 1 7 21 56 35
0039_0004_0048_0069_0043.jpg 1 4 48 69 43
0040_0029_0045_0066_0041.jpg 1 29 45 66 41
0041_0009_0055_0058_0036.jpg 1 9 55 58 36
0042_0042_0058_0049_0031.jpg 1 42 58 49 31
0043_0037_0020_0051_0031.jpg 1 37 20 51 31
0044_0045_0037_0048_0030.jpg 1 45 37 48 30
0045_0015_0047_0059_0037.jpg 1 15 47 59 37
0046_0018_0044_0055_0034.jpg 1 18 44 55 34
0047_0033_0048_0052_0032.jpg 1 33 48 52 32
0048_0033_0051_0050_0031.jpg 1 33 51 50 31
0049_0026_0044_0064_0040.jpg 1 26 44 64 40
0050_0020_0027_0064_0040.jpg 1 20 27 64 40
0051_0017_0032_0058_0036.jpg 1 17 32 58 36
0052_0015_0049_0059_0037.jpg 1 15 49 59 37
0053_0031_0018_0063_0039.jpg 1 31 18 63 39
0054_0007_0033_0067_0042.jpg 1 7 33 67 42
0055_0005_0006_0059_0037.jpg 1 5 6 59 37
0056_0039_0051_0051_0032.jpg 1 39 51 51 32
0057_0029_0011_0060_0037.jpg 1 29 11 60 37
0058_0032_0024_0059_0037.jpg 1 32 24 59 37
0059_0021_0047_0057_0035.jpg 1 21 47 57 35
0060_0007_0037_0069_0043.jpg 1 7 37 69 43
0061_0024_0039_0067_0042.jpg 1 24 39 67 42
0062_0019_0019_0059_0036.jpg 1 19 19 59 36
0063_0021_0008_0067_0042.jpg 1 21 8 67 42
0064_0037_0026_0053_0033.jpg 1 37 26 53 33
0065_0030_0044_0051_0032.jpg 1 30 44 51 32
0066_0012_0025_0065_0041.jpg 1 12 25 65 41
0067_0024_0038_0061_0038.jpg 1 24 38 61 38
0068_0011_0008_0056_0035.jpg 1 11 8 56 35
0069_0007_0010_0059_0036.jpg 1 7 10 59 36
0070_0005_0028_0057_0036.jpg 1 5 28 57 36
0071_0011_0013_0060_0037.jpg 1 11 13 60 37
0072_0022_0037_0061_0038.jpg 1 22 37 61 38
0073_0034_0012_0057_0035.jpg 1 34 12 57 35
0074_0035_0047_0051_0032.jpg 1 35 47 51 32
0075_0025_0049_0057_0035.jpg 1 25 49 57 35
0076_0027_0021_0050_0031.jpg 1 27 21 50 31
0077_0028_0009_0062_0039.jpg 1 28 9 62 39
0078_0009_0015_0049_0030.jpg 1 9 15 49 30
0079_0010_0022_0055_0034.jpg 1 10 22 55 34
0080_0021_0053_0059_0036.jpg 1 21 53 59 36
0081_0019_0043_0054_0034.jpg 1 19 43 54 34
0082_0009_0007_0066_0041.jpg 1 9 7 66 41
0083_0013_0041_0056_0035.jpg 1 13 41 56 35
0084_0023_0007_0068_0042.jpg 1 23 7 68 42
0085_0028_0042_0050_0031.jpg 1 28 42 50 31
0086_0026_0016_0065_0041.jpg 1 26 16 65 41
0087_0004_0048_0067_0042.jpg 1 4 48 67 42
0088_0027_0050_0066_0041.jpg 1 27 50 66 41
0089_0011_0025_0067_0042.jpg 1 11 25 67 42
0090_0018_0013_0058_0036.jpg 1 18 13 58 36
0091_0038_0045_0057_0035.jpg 1 38 45 57 35
0092_0032_0034_0064_0040.jpg 1 32 34 64 40
0093_0021_0037_0064_0040.jpg 1 21 37 64 40
0094_0035_0041_0057_0036.jpg 1 35 41 57 36
0095_0029_0032_0056_0035.jpg 1 29 32 56 35
0096_0007_0046_0064_0040.jpg 1 7 46 64 40
0097_0028_0017_0056_0035.jpg 1 28 17 56 35
0098_0022_0040_0049_0030.jpg 1 22 40 49 30
0099_0010_0021_0065_0040.jpg 1 10 21 65 40
0100_0014_0033_0065_0041.jpg 1 14 33 65 41
0101_0021_0033_0058_0036.jpg 1 21 33 58 36
0102_0040_0047_0054_0033.jpg 1 40 47 54 33
0103_0022_0031_0057_0035.jpg 1 22 31 57 35
0104_0003_0027_0068_0042.jpg 1 3 27 68 42
0105_0028_0053_0051_0032.jpg 1 28 53 51 32
0106_0023_0012_0053_0033.jpg 1 23 12 53 33
0107_0038_0062_0048_0030.jpg 1 38 62 48 30
0108_0025_0009_0064_0040.jpg 1 25 9 64 40
0109_0012_0013_0064_0040.jpg 1 12 13 64 40
0110_0014_0026_0048_0030.jpg 1 14 26 48 30
0111_0019_0048_0049_0030.jpg 1 19 48 49 30
0112_0004_0013_0065_0041.jpg 1 4 13 65 41
0113_0012_0022_0069_0043.jpg 1 12 22 69 43
0114_0007_0012_0056_0035.jpg 1 7 12 56 35
0115_0041_0051_0051_0032.jpg 1 41 51 51 32
0116_0023_0013_0053_0033.jpg 1 23 13 53 33
0117_0019_0041_0053_0033.jpg 1 19 41 53 33
0118_0021_0036_0062_0038.jpg 1 21 36 62 38
0119_0006_0023_0068_0042.jpg 1 6 23 68 42
0120_0011_0054_0056_0035.jpg 1 11 54 56 35
0121_0006_0039_0067_0042.jpg 1 6 39 67 42
0122_0034_0017_0051_0032.jpg 1 34 17 51 32
0123_0036_0033_0058_0036.jpg 1 36 33 58 36
0124_0029_0047_0050_0031.jpg 1 29 47 50 31
0125_0007_0015_0052_0033.jpg 1 7 15 52 33
0126_0008_0015_0065_0041.jpg 1 8 15 65 41
0127_0023_0008_0056_0035.jpg 1 23 8 56 35
0128_0023_0017_0062_0039.jpg 1 23 17 62 39
