0001_0035_0029_0052_0032.jpg 1 35 29 52 32
0002_0023_0050_0057_0035.jpg 1 23 50 57 35
0003_0023_0022_0057_0035.jpg 1 23 22 57 35
0004_0016_0013_0059_0037.jpg 1 16 13 59 37
0005_0022_0010_0055_0034.jpg 1 22 10 55 34
0006_0008_0054_0059_0037.jpg 1 8 54 59 37
0007_0018_0013_0065_0041.jpg 1 18 13 65 41
0008_0035_0029_0058_0036.jpg 1 35 29 58 36
0009_0028_0057_0048_0030.jpg 1 28 57 48 30
0010_0007_0056_0058_0036.jpg 1 7 56 58 36
0011_0038_0043_0057_0036.jpg 1 38 43 57 36
0012_0026_0020_0053_0033.jpg 1 26 20 53 33
0013_0018_0046_0061_0038.jpg 1 18 46 61 38
0014_0030_0040_0060_0037.jpg 1 30 40 60 37
0015_0021_0049_0066_0041.jpg 1 21 49 66 41
0016_0012_0017_0049_0030.jpg 1 12 17 49 30
0017_0013_0029_0058_0036.jpg 1 13 29 58 36
0018_0018_0017_0049_0030.jpg 1 18 17 49 30
0019_0012_0044_0051_0031.jpg 1 12 44 51 31
0020_0028_0048_0064_0040.jpg 1 28 48 64 40
0021_0018_0022_0051_0032.jpg 1 18 22 51 32
0022_0017_0034_0053_0033.jpg 1 17 34 53 33
0023_0029_0039_0050_0031.jpg 1 29 39 50 31
0024_0035_0021_0048_0030.jpg 1 35 21 48 30
0025_0006_0007_0064_0040.jpg 1 6 7 64 40
0026_0033_0028_0048_0030.jpg 1 33 28 48 30
0027_0024_0024_0056_0035.jpg 1 24 24 56 35
0028_0031_0007_0061_0038.jpg 1 31 7 61 38
0029_0019_0022_0061_0038.jpg 1 19 22 61 38
0030_0011_0048_0064_0040.jpg 1 11 48 64 40
0031_0014_0053_0053_0033.jpg 1 14 53 53 33
0032_0006_0008_0064_0040.jpg 1 6 8 64 40
0033_0031_0014_0060_0037.jpg 1 31 14 60 37
0034_0021_0010_0049_0030.jpg 1 21 10 49 30
0035_0016_0016_0057_0035.jpg 1 16 16 57 35
0036_0004_0027_0064_0040.jpg 1 4 27 64 40
0037_0007_0038_0050_0031.jpg 1 7 38 50 31
0038_0013_0034_0059_0037.jpg 1 13 34 59 37
0039_0043_0039_0049_0030.jpg 1 43 39 49 30
0040_0008_0039_0061_0038.jpg 1 8 39 61 38
0041_0020_0034_0055_0034.jpg 1 20 34 55 34
0042_0015_0043_0053_0033.jpg 1 15 43 53 33
0043_0029_0057_0056_0035.jpg 1 29 57 56 35
0044_0008_0036_0056_0035.jpg 1 8 36 56 35
0045_0016_0038_0064_0040.jpg 1 16 38 64 40
0046_0014_0019_0066_0041.jpg 1 14 19 66 41
0047_0015_0032_0067_0042.jpg 1 15 32 67 42
0048_0006_0033_0059_0037.jpg 1 6 33 59 37
0049_0037_0017_0050_0031.jpg 1 37 17 50 31
0050_0020_0012_0062_0039.jpg 1 20 12 62 39
0051_0030_0033_0052_0032.jpg 1 30 33 52 32
0052_0030_0036_0051_0032.jpg 1 30 36 51 32
0053_0016_0023_0061_0038.jpg 1 16 23 61 38
0054_0020_0027_0069_0043.jpg 1 20 27 69 43
0055_0009_0028_0064_0040.jpg 1 9 28 64 40
0056_0045_0039_0048_0030.jpg 1 45 39 48 30
0057_0022_0016_0063_0039.jpg 1 22 16 63 39
0058_0043_0027_0048_0030.jpg 1 43 27 48 30
0059_0012_0011_0064_0040.jpg 1 12 11 64 40
0060_0005_0026_0055_0034.jpg 1 5 26 55 34
0061_0035_0020_0050_0031.jpg 1 35 20 50 31
0062_0039_0045_0053_0033.jpg 1 39 45 53 33
0063_0018_0047_0058_0036.jpg 1 18 47 58 36
0064_0028_0049_0068_0043.jpg 1 28 49 68 43
0065_0025_0040_0055_0034.jpg 1 25 40 55 34
0066_0025_0031_0061_0038.jpg 1 25 31 61 38
0067_0033_0016_0048_0030.jpg 1 33 16 48 30
0068_0008_0007_0067_0042.jpg 1 8 7 67 42
0069_0011_0059_0050_0031.jpg 1 11 59 50 31
0070_0022_0025_0059_0037.jpg 1 22 25 59 37
0071_0003_0041_0069_0043.jpg 1 3 41 69 43
0072_0008_0041_0063_0039.jpg 1 8 41 63 39
0073_0015_0041_0057_0035.jpg 1 15 41 57 35
0074_0027_0017_0066_0041.jpg 1 27 17 66 41
0075_0025_0040_0053_0033.jpg 1 25 40 53 33
0076_0019_0049_0063_0039.jpg 1 19 49 63 39
0077_0043_0061_0049_0030.jpg 1 43 61 49 30
0078_0005_0020_0053_0033.jpg 1 5 20 53 33
0079_0015_0019_0067_0041.jpg 1 15 19 67 41
0080_0017_0033_0062_0038.jpg 1 17 33 62 38
0081_0029_0023_0055_0034.jpg 1 29 23 55 34
0082_0010_0056_0060_0037.jpg 1 10 56 60 37
0083_0024_0052_0054_0034.jpg 1 24 52 54 34
0084_0039_0033_0052_0033.jpg 1 39 33 52 33
0085_0015_0052_0067_0041.jpg 1 15 52 67 41
0086_0035_0052_0054_0033.jpg 1 35 52 54 33
0087_0006_0027_0056_0035.jpg 1 6 27 56 35
0088_0010_0042_0049_0030.jpg 1 10 42 49 30
0089_0025_0022_0069_0043.jpg 1 25 22 69 43
0090_0031_0034_0051_0032.jpg 1 31 34 51 32
0091_0019_0009_0063_0039.jpg 1 19 9 63 39
0092_0007_0017_0066_0041.jpg 1 7 17 66 41
0093_0006_0026_0067_0041.jpg 1 6 26 67 41
0094_0012_0030_0052_0032.jpg 1 12 30 52 32
0095_0018_0045_0067_0042.jpg 1 18 45 67 42
0096_0023_0021_0062_0039.jpg 1 23 21 62 39
0097_0012_0051_0054_0033.jpg 1 12 51 54 33
0098_0034_0043_0058_0036.jpg 1 34 43 58 36
0099_0023_0007_0049_0031.jpg 1 23 7 49 31
0100_0008_0025_0058_0036.jpg 1 8 25 58 36
0101_0004_0055_0057_0035.jpg 1 4 55 57 35
0102_0015_0049_0068_0043.jpg 1 15 49 68 43
0103_0007_0018_0059_0036.jpg 1 7 18 59 36
0104_0036_0029_0052_0032.jpg 1 36 29 52 32
0105_0009_0031_0053_0033.jpg 1 9 31 53 33
0106_0022_0029_0049_0031.jpg 1 22 29 49 31
0107_0013_0030_0067_0042.jpg 1 13 30 67 42
0108_0012_0033_0055_0034.jpg 1 12 33 55 34
0109_0004_0014_0061_0038.jpg 1 4 14 61 38
0110_0008_0040_0064_0040.jpg 1 8 40 64 40
0111_0009_0016_0051_0032.jpg 1 9 16 51 32
0112_0029_0037_0052_0033.jpg 1 29 37 52 33
0113_0028_0037_0054_0033.jpg 1 28 37 54 33
0114_0027_0021_0068_0042.jpg 1 27 21 68 42
0115_0022_0031_0061_0038.jpg 1 22 31 61 38
0116_0028_0048_0061_0038.jpg 1 28 48 61 38
0117_0035_0031_0058_0036.jpg 1 35 31 58 36
0118_0009_0014_0051_0032.jpg 1 9 14 51 32
0119_0004_0039_0060_0037.jpg 1 4 39 60 37
0120_0011_0028_0063_0039.jpg 1 11 28 63 39
0121_0024_0047_0063_0039.jpg 1 24 47 63 39
0122_0003_0006_0067_0042.jpg 1 3 6 67 42
0123_0025_0029_0049_0031.jpg 1 25 29 49 31
0124_0012_0043_0066_0041.jpg 1 12 43 66 41
0125_0011_0022_0050_0031.jpg 1 11 22 50 31
0126_0028_0010_0051_0031.jpg 1 28 10 51 31
0127_0003_0033_0069_0043.jpg 1 3 33 69 43
0128_0019_0025_0063_0039.jpg 1 19 25 63 39
0129_0026_0027_0063_0039.jpg 1 26 27 63 39
0130_0011_0040_0059_0037.jpg 1 11 40 59 37
0131_0007_0046_0051_0031.jpg 1 7 46 51 31
0132_0029_0030_0064_0040.jpg 1 29 30 64 40
0133_0015_0009_0067_0042.jpg 1 15 9 67 42
0134_0012_0025_0061_0038.jpg 1 12 25 61 38
0135_0015_0010_0057_0036.jpg 1 15 10 57 36
0136_0006_0041_0057_0036.jpg 1 6 41 57 36
0137_0017_0011_0051_0032.jpg 1 17 11 51 32
0138_0012_0032_0059_0037.jpg 1 12 32 59 37
0139_0020_0022_0057_0036.jpg 1 20 22 57 36
0140_0026_0043_0057_0036.jpg 1 26 43 57 36
0141_0013_0043_0063_0039.jpg 1 13 43 63 39
0142_0027_0028_0060_0037.jpg 1 27 28 60 37
0143_0027_0032_0049_0030.jpg 1 27 32 49 30
0144_0004_0011_0063_0039.jpg 1 4 11 63 39
0145_0022_0025_0069_0043.jpg 1 22 25 69 43
0146_0034_0038_0048_0030.jpg 1 34 38 48 30
0147_0015_0014_0064_0040.jpg 1 15 14 64 40
0148_0017_0038_0051_0032.jpg 1 17 38 51 32
0149_0014_0014_0049_0030.jpg 1 14 14 49 30
0150_0003_0046_0067_0041.jpg 1 3 46 67 41
0151_0010_0026_0061_0038.jpg 1 10 26 61 38
0152_0040_0053_0050_0031.jpg 1 40 53 50 31
0153_0022_0048_0057_0036.jpg 1 22 48 57 36
0154_0029_0059_0053_0033.jpg 1 29 59 53 33
0155_0011_0016_0060_0037.jpg 1 11 16 60 37
0156_0024_0024_0061_0038.jpg 1 24 24 61 38
0157_0019_0061_0049_0031.jpg 1 19 61 49 31
0158_0003_0045_0068_0042.jpg 1 3 45 68 42
0159_0031_0024_0052_0032.jpg 1 31 24 52 32
0160_0006_0044_0053_0033.jpg 1 6 44 53 33
0161_0021_0049_0069_0043.jpg 1 21 49 69 43
0162_0023_0028_0067_0042.jpg 1 23 28 67 42
0163_0006_0016_0067_0042.jpg 1 6 16 67 42
0164_0017_0031_0053_0033.jpg 1 17 31 53 33
0165_0023_0033_0065_0041.jpg 1 23 33 65 41
0166_0022_0015_0066_0041.jpg 1 22 15 66 41
0167_0008_0040_0067_0041.jpg 1 8 40 67 41
0168_0023_0021_0063_0039.jpg 1 23 21 63 39
0169_0042_0039_0050_0031.jpg 1 42 39 50 31
0170_0007_0014_0065_0040.jpg 1 7 14 65 40
0171_0016_0019_0053_0033.jpg 1 16 19 53 33
0172_0038_0042_0057_0036.jpg 1 38 42 57 36
0173_0016_0058_0050_0031.jpg 1 16 58 50 31
0174_0030_0038_0059_0037.jpg 1 30 38 59 37
0175_0013_0045_0066_0041.jpg 1 13 45 66 41
0176_0016_0007_0067_0042.jpg 1 16 7 67 42
0177_0007_0048_0065_0041.jpg 1 7 48 65 41
0178_0016_0053_0059_0037.jpg 1 16 53 59 37
0179_0032_0008_0060_0037.jpg 1 32 8 60 37
0180_0005_0057_0052_0033.jpg 1 5 57 52 33
0181_0028_0052_0053_0033.jpg 1 28 52 53 33
0182_0008_0009_0065_0041.jpg 1 8 9 65 41
0183_0010_0011_0065_0041.jpg 1 10 11 65 41
0184_0008_0008_0068_0043.jpg 1 8 8 68 43
0185_0031_0053_0062_0038.jpg 1 31 53 62 38
0186_0029_0009_0052_0032.jpg 1 29 9 52 32
0187_0028_0031_0050_0031.jpg 1 28 31 50 31
0188_0031_0007_0049_0031.jpg 1 31 7 49 31
0189_0026_0013_0063_0039.jpg 1 26 13 63 39
0190_0009_0030_0065_0041.jpg 1 9 30 65 41
0191_0023_0036_0067_0042.jpg 1 23 36 67 42
0192_0011_0047_0064_0040.jpg 1 11 47 64 40
0193_0028_0035_0059_0037.jpg 1 28 35 59 37
0194_0007_0042_0049_0031.jpg 1 7 42 49 31
0195_0032_0039_0057_0035.jpg 1 32 39 57 35
0196_0025_0033_0069_0043.jpg 1 25 33 69 43
0197_0016_0057_0057_0035.jpg 1 16 57 57 35
0198_0038_0047_0054_0033.jpg 1 38 47 54 33
0199_0026_0037_0055_0034.jpg 1 26 37 55 34
0200_0018_0030_0066_0041.jpg 1 18 30 66 41
0201_0016_0031_0050_0031.jpg 1 16 31 50 31
0202_0012_0035_0068_0042.jpg 1 12 35 68 42
0203_0018_0050_0049_0030.jpg 1 18 50 49 30
0204_0017_0039_0060_0038.jpg 1 17 39 60 38
0205_0026_0048_0062_0038.jpg 1 26 48 62 38
0206_0031_0024_0061_0038.jpg 1 31 24 61 38
0207_0016_0051_0066_0041.jpg 1 16 51 66 41
0208_0034_0019_0056_0035.jpg 1 34 19 56 35
0209_0007_0024_0051_0032.jpg 1 7 24 51 32
0210_0040_0027_0051_0032.jpg 1 40 27 51 32
0211_0015_0052_0056_0035.jpg 1 15 52 56 35
0212_0034_0027_0060_0037.jpg 1 34 27 60 37
0213_0011_0010_0064_0040.jpg 1 11 10 64 40
0214_0037_0014_0057_0035.jpg 1 37 14 57 35
0215_0008_0040_0066_0041.jpg 1 8 40 66 41
0216_0033_0047_0062_0039.jpg 1 33 47 62 39
0217_0018_0038_0058_0036.jpg 1 18 38 58 36
0218_0035_0055_0057_0035.jpg 1 35 55 57 35
0219_0009_0045_0057_0036.jpg 1 9 45 57 36
0220_0018_0017_0049_0031.jpg 1 18 17 49 31
0221_0011_0039_0065_0041.jpg 1 11 39 65 41
0222_0012_0006_0062_0039.jpg 1 12 6 62 39
0223_0013_0052_0067_0041.jpg 1 13 52 67 41
0224_0024_0042_0058_0036.jpg 1 24 42 58 36
0225_0027_0052_0056_0035.jpg 1 27 52 56 35
0226_0030_0037_0066_0041.jpg 1 30 37 66 41
0227_0013_0010_0064_0040.jpg 1 13 10 64 40
0228_0041_0041_0048_0030.jpg 1 41 41 48 30
0229_0024_0021_0050_0031.jpg 1 24 21 50 31
0230_0018_0050_0061_0038.jpg 1 18 50 61 38
0231_0042_0021_0050_0031.jpg 1 42 21 50 31
0232_0010_0013_0051_0032.jpg 1 10 13 51 32
0233_0018_0024_0053_0033.jpg 1 18 24 53 33
0234_0026_0027_0064_0040.jpg 1 26 27 64 40
0235_0010_0015_0068_0043.jpg 1 10 15 68 43
0236_0016_0041_0060_0037.jpg 1 16 41 60 37
0237_0036_0047_0053_0033.jpg 1 36 47 53 33
0238_0007_0031_0064_0040.jpg 1 7 31 64 40
0239_0009_0041_0068_0042.jpg 1 9 41 68 42
0240_0025_0011_0062_0039.jpg 1 25 11 62 39
0241_0007_0041_0066_0041.jpg 1 7 41 66 41
0242_0010_0025_0055_0034.jpg 1 10 25 55 34
0243_0010_0008_0067_0042.jpg 1 10 8 67 42
0244_0036_0050_0055_0034.jpg 1 36 50 55 34
0245_0010_0011_0063_0039.jpg 1 10 11 63 39
0246_0006_0006_0069_0043.jpg 1 6 6 69 43
0247_0015_0013_0048_0030.jpg 1 15 13 48 30
0248_0028_0037_0057_0035.jpg 1 28 37 57 35
0249_0014_0007_0069_0043.jpg 1 14 7 69 43
0250_0022_0026_0060_0038.jpg 1 22 26 60 38
0251_0028_0050_0064_0040.jpg 1 28 50 64 40
0252_0014_0016_0062_0038.jpg 1 14 16 62 38
0253_0034_0055_0055_0034.jpg 1 34 55 55 34
0254_0013_0009_0066_0041.jpg 1 13 9 66 41
0255_0004_0007_0057_0036.jpg 1 4 7 57 36
0256_0025_0040_0069_0043.jpg 1 25 40 69 43
