0001_0028_0025_0063_0039.jpg 1 28 25 63 39
0002_0024_0009_0054_0034.jpg 1 24 9 54 34
0003_0018_0029_0059_0037.jpg 1 18 29 59 37
0004_0019_0036_0068_0043.jpg 1 19 36 68 43
0005_0019_0031_0058_0036.jpg 1 19 31 58 36
0006_0032_0022_0052_0032.jpg 1 32 22 52 32
0007_0034_0011_0049_0031.jpg 1 34 11 49 31
0008_0032_0006_0062_0039.jpg 1 32 6 62 39
0009_0024_0033_0058_0036.jpg 1 24 33 58 36
0010_0005_0008_0068_0042.jpg 1 5 8 68 42
0011_0003_0049_0065_0040.jpg 1 3 49 65 40
0012_0019_0008_0062_0039.jpg 1 19 8 62 39
0013_0029_0040_0056_0035.jpg 1 29 40 56 35
0014_0023_0012_0067_0042.jpg 1 23 12 67 42
0015_0026_0046_0064_0040.jpg 1 26 46 64 40
0016_0019_0023_0067_0042.jpg 1 19 23 67 42
0017_0008_0016_0057_0036.jpg 1 8 16 57 36
0018_0017_0012_0058_0036.jpg 1 17 12 58 36
0019_0011_0056_0055_0034.jpg 1 11 56 55 34
0020_0006_0031_0058_0036.jpg 1 6 31 58 36
0021_0034_0023_0061_0038.jpg 1 34 23 61 38
0022_0015_0006_0066_0041.jpg 1 15 6 66 41
0023_0008_0029_0060_0037.jpg 1 8 29 60 37
0024_0034_0024_0049_0030.jpg 1 34 24 49 30
0025_0018_0032_0068_0043.jpg 1 18 32 68 43
0026_0040_0036_0054_0034.jpg 1 40 36 54 34
0027_0013_0019_0053_0033.jpg 1 13 19 53 33
0028_0013_0025_0060_0037.jpg 1 13 25 60 37
0029_0003_0018_0066_0041.jpg 1 3 18 66 41
0030_0040_0008_0054_0034.jpg 1 40 8 54 34
0031_0031_0041_0060_0037.jpg 1 31 41 60 37
0032_0026_0028_0052_0032.jpg 1 26 28 52 32
0033_0009_0047_0054_0033.jpg 1 9 47 54 33
0034_0005_0016_0066_0041.jpg 1 5 16 66 41
0035_0029_0039_0066_0041.jpg 1 29 39 66 41
0036_0015_0035_0062_0038.jpg 1 15 35 62 38
0037_0029_0053_0059_0037.jpg 1 29 53 59 37
0038_0028_0017_0049_0031.jpg 1 28 17 49 31
0039_0015_0017_0056_0035.jpg 1 15 17 56 35
0040_0003_0040_0063_0039.jpg 1 3 40 63 39
0041_0024_0031_0067_0041.jpg 1 24 31 67 41
0042_0003_0035_0069_0043.jpg 1 3 35 69 43
0043_0020_0046_0058_0036.jpg 1 20 46 58 36
0044_0006_0008_0061_0038.jpg 1 6 8 61 38
0045_0028_0042_0053_0033.jpg 1 28 42 53 33
0046_0026_0016_0062_0038.jpg 1 26 16 62 38
0047_0018_0035_0061_0038.jpg 1 18 35 61 38
0048_0038_0049_0054_0033.jpg 1 38 49 54 33
0049_0006_0037_0065_0041.jpg 1 6 37 65 41
0050_0031_0037_0054_0033.jpg 1 31 37 54 33
0051_0032_0017_0062_0039.jpg 1 32 17 62 39
0052_0027_0042_0061_0038.jpg 1 27 42 61 38
0053_0026_0010_0063_0039.jpg 1 26 10 63 39
0054_0029_0008_0064_0040.jpg 1 29 8 64 40
0055_0020_0045_0064_0040.jpg 1 20 45 64 40
0056_0010_0033_0068_0043.jpg 1 10 33 68 43
0057_0003_0031_0065_0040.jpg 1 3 31 65 40
0058_0021_0011_0066_0041.jpg 1 21 11 66 41
0059_0031_0010_0055_0034.jpg 1 31 10 55 34
0060_0028_0039_0062_0038.jpg 1 28 39 62 38
0061_0023_0016_0065_0040.jpg 1 23 16 65 40
0062_0030_0021_0066_0041.jpg 1 30 21 66 41
0063_0015_0008_0063_0039.jpg 1 15 8 63 39
0064_0006_0009_0065_0040.jpg 1 6 9 65 40
0065_0007_0012_0053_0033.jpg 1 7 12 53 33
0066_0035_0041_0050_0031.jpg 1 35 41 50 31
0067_0021_0013_0061_0038.jpg 1 21 13 61 38
0068_0004_0049_0062_0038.jpg 1 4 49 62 38
0069_0035_0055_0056_0035.jpg 1 35 55 56 35
0070_0030_0052_0052_0032.jpg 1 30 52 52 32
0071_0007_0008_0065_0040.jpg 1 7 8 65 40
0072_0029_0017_0057_0035.jpg 1 29 17 57 35
0073_0022_0040_0060_0037.jpg 1 22 40 60 37
0074_0014_0052_0064_0040.jpg 1 14 52 64 40
0075_0029_0037_0064_0040.jpg 1 29 37 64 40
0076_0015_0041_0049_0031.jpg 1 15 41 49 31
0077_0045_0016_0049_0030.jpg 1 45 16 49 30
0078_0028_0050_0054_0033.jpg 1 28 50 54 33
0079_0031_0020_0051_0032.jpg 1 31 20 51 32
0080_0008_0058_0051_0032.jpg 1 8 58 51 32
0081_0027_0044_0058_0036.jpg 1 27 44 58 36
0082_0008_0011_0063_0039.jpg 1 8 11 63 39
0083_0025_0035_0060_0037.jpg 1 25 35 60 37
0084_0007_0056_0054_0033.jpg 1 7 56 54 33
0085_0036_0041_0055_0034.jpg 1 36 41 55 34
0086_0031_0036_0064_0040.jpg 1 31 36 64 40
0087_0006_0057_0051_0032.jpg 1 6 57 51 32
0088_0013_0044_0052_0032.jpg 1 13 44 52 32
0089_0005_0008_0050_0031.jpg 1 5 8 50 31
0090_0006_0020_0052_0033.jpg 1 6 20 52 33
0091_0035_0015_0056_0035.jpg 1 35 15 56 35
0092_0023_0007_0052_0032.jpg 1 23 7 52 32
0093_0028_0012_0061_0038.jpg 1 28 12 61 38
0094_0024_0036_0053_0033.jpg 1 24 36 53 33
0095_0007_0048_0058_0036.jpg 1 7 48 58 36
0096_0026_0026_0062_0038.jpg 1 26 26 62 38
0097_0009_0025_0064_0040.jpg 1 9 25 64 40
0098_0026_0048_0062_0039.jpg 1 26 48 62 39
0099_0028_0012_0066_0041.jpg 1 28 12 66 41
0100_0023_0015_0061_0038.jpg 1 23 15 61 38
0101_0028_0012_0048_0030.jpg 1 28 12 48 30
0102_0012_0007_0065_0040.jpg 1 12 7 65 40
0103_0019_0052_0056_0035.jpg 1 19 52 56 35
0104_0014_0059_0052_0033.jpg 1 14 59 52 33
0105_0006_0020_0069_0043.jpg 1 6 20 69 43
0106_0022_0056_0053_0033.jpg 1 22 56 53 33
0107_0013_0006_0064_0040.jpg 1 13 6 64 40
0108_0029_0039_0067_0042.jpg 1 29 39 67 42
0109_0019_0034_0056_0035.jpg 1 19 34 56 35
0110_0038_0022_0056_0035.jpg 1 38 22 56 35
0111_0018_0023_0059_0037.jpg 1 18 23 59 37
0112_0018_0055_0052_0032.jpg 1 18 55 52 32
0113_0029_0023_0056_0035.jpg 1 29 23 56 35
0114_0024_0034_0064_0040.jpg 1 24 34 64 40
0115_0024_0059_0051_0032.jpg 1 24 59 51 32
0116_0014_0044_0066_0041.jpg 1 14 44 66 41
0117_0023_0008_0052_0032.jpg 1 23 8 52 32
0118_0041_0052_0053_0033.jpg 1 41 52 53 33
0119_0007_0040_0065_0040.jpg 1 7 40 65 40
0120_0030_0058_0055_0034.jpg 1 30 58 55 34
0121_0021_0029_0063_0039.jpg 1 21 29 63 39
0122_0013_0037_0060_0037.jpg 1 13 37 60 37
0123_0008_0021_0064_0040.jpg 1 8 21 64 40
0124_0028_0035_0063_0039.jpg 1 28 35 63 39
0125_0042_0049_0049_0031.jpg 1 42 49 49 31
0126_0041_0024_0049_0030.jpg 1 41 24 49 30
0127_0025_0039_0069_0043.jpg 1 25 39 69 43
0128_0009_0055_0057_0035.jpg 1 9 55 57 35
