0001_0004_0019_0068_0042.jpg 1 4 19 68 42
0002_0029_0051_0067_0042.jpg 1 29 51 67 42
0003_0040_0037_0053_0033.jpg 1 40 37 53 33
0004_0032_0038_0063_0039.jpg 1 32 38 63 39
0005_0024_0006_0065_0040.jpg 1 24 6 65 40
0006_0022_0033_0050_0031.jpg 1 22 33 50 31
0007_0022_0012_0056_0035.jpg 1 22 12 56 35
0008_0017_0026_0068_0042.jpg 1 17 26 68 42
0009_0035_0044_0050_0031.jpg 1 35 44 50 31
0010_0012_0007_0061_0038.jpg 1 12 7 61 38
0011_0028_0035_0068_0043.jpg 1 28 35 68 43
0012_0033_0017_0060_0037.jpg 1 33 17 60 37
0013_0013_0032_0057_0036.jpg 1 13 32 57 36
0014_0037_0037_0049_0031.jpg 1 37 37 49 31
0015_0036_0040_0058_0036.jpg 1 36 40 58 36
0016_0020_0023_0068_0042.jpg 1 20 23 68 42
0017_0026_0039_0063_0039.jpg 1 26 39 63 39
0018_0015_0048_0065_0041.jpg 1 15 48 65 41
0019_0018_0047_0061_0038.jpg 1 18 47 61 38
0020_0024_0056_0051_0031.jpg 1 24 56 51 31
0021_0016_0029_0069_0043.jpg 1 16 29 69 43
0022_0038_0037_0056_0035.jpg 1 38 37 56 35
0023_0028_0043_0054_0034.jpg 1 28 43 54 34
0024_0020_0033_0049_0030.jpg 1 20 33 49 30
0025_0016_0035_0060_0038.jpg 1 16 35 60 38
0026_0020_0021_0062_0039.jpg 1 20 21 62 39
0027_0004_0048_0067_0041.jpg 1 4 48 67 41
0028_0019_0039_0048_0030.jpg 1 19 39 48 30
0029_0017_0040_0069_0043.jpg 1 17 40 69 43
0030_0026_0033_0056_0035.jpg 1 26 33 56 35
0031_0013_0049_0067_0042.jpg 1 13 49 67 42
0032_0038_0052_0054_0033.jpg 1 38 52 54 33
0033_0023_0011_0051_0032.jpg 1 23 11 51 32
0034_0012_0024_0053_0033.jpg 1 12 24 53 33
0035_0031_0030_0062_0038.jpg 1 31 30 62 38
0036_0015_0030_0051_0031.jpg 1 15 30 51 31
0037_0015_0031_0068_0043.jpg 1 15 31 68 43
0038_0026_0017_0057_0035.jpg 1 26 17 57 35
0039_0004_0050_0067_0042.jpg 1 4 50 67 42
0040_0036_0060_0052_0032.jpg 1 36 60 52 32
0041_0030_0030_0064_0040.jpg 1 30 30 64 40
0042_0028_0052_0058_0036.jpg 1 28 52 58 36
0043_0028_0032_0065_0040.jpg 1 28 32 65 40
0044_0009_0019_0068_0042.jpg 1 9 19 68 42
0045_0031_0035_0061_0038.jpg 1 31 35 61 38
0046_0013_0049_0063_0039.jpg 1 13 49 63 39
0047_0007_0011_0066_0041.jpg 1 7 11 66 41
0048_0036_0017_0051_0032.jpg 1 36 17 51 32
0049_0014_0051_0059_0037.jpg 1 14 51 59 37
0050_0008_0045_0067_0042.jpg 1 8 45 67 42
0051_0046_0059_0048_0030.jpg 1 46 59 48 30
0052_0019_0012_0050_0031.jpg 1 19 12 50 31
0053_0035_0061_0049_0030.jpg 1 35 61 49 30
0054_0015_0042_0049_0031.jpg 1 15 42 49 31
0055_0015_0053_0050_0031.jpg 1 15 53 50 31
0056_0019_0006_0066_0041.jpg 1 19 6 66 41
0057_0023_0008_0055_0034.jpg 1 23 8 55 34
0058_0013_0026_0062_0039.jpg 1 13 26 62 39
0059_0032_0011_0063_0039.jpg 1 32 11 63 39
0060_0015_0049_0060_0037.jpg 1 15 49 60 37
0061_0027_0013_0054_0034.jpg 1 27 13 54 34
0062_0035_0059_0049_0030.jpg 1 35 59 49 30
0063_0038_0045_0054_0034.jpg 1 38 45 54 34
0064_0010_0032_0054_0034.jpg 1 10 32 54 34
0065_0020_0055_0051_0031.jpg 1 20 55 51 31
0066_0040_0058_0053_0033.jpg 1 40 58 53 33
0067_0033_0038_0054_0034.jpg 1 33 38 54 34
0068_0010_0046_0063_0039.jpg 1 10 46 63 39
0069_0032_0028_0063_0039.jpg 1 32 28 63 39
0070_0025_0032_0069_0043.jpg 1 25 32 69 43
0071_0011_0045_0065_0041.jpg 1 11 45 65 41
0072_0016_0026_0065_0040.jpg 1 16 26 65 40
0073_0012_0046_0058_0036.jpg 1 12 46 58 36
0074_0028_0053_0051_0032.jpg 1 28 53 51 32
0075_0019_0046_0055_0034.jpg 1 19 46 55 34
0076_0027_0037_0067_0042.jpg 1 27 37 67 42
0077_0009_0042_0066_0041.jpg 1 9 42 66 41
0078_0015_0043_0065_0041.jpg 1 15 43 65 41
0079_0029_0016_0065_0041.jpg 1 29 16 65 41
0080_0013_0008_0067_0042.jpg 1 13 8 67 42
0081_0041_0036_0049_0031.jpg 1 41 36 49 31
0082_0027_0024_0048_0030.jpg 1 27 24 48 30
0083_0009_0043_0055_0034.jpg 1 9 43 55 34
0084_0022_0022_0057_0036.jpg 1 22 22 57 36
0085_0003_0029_0068_0042.jpg 1 3 29 68 42
0086_0023_0018_0050_0031.jpg 1 23 18 50 31
0087_0010_0008_0056_0035.jpg 1 10 8 56 35
0088_0005_0041_0058_0036.jpg 1 5 41 58 36
0089_0010_0008_0052_0033.jpg 1 10 8 52 33
0090_0027_0048_0052_0033.jpg 1 27 48 52 33
0091_0031_0012_0050_0031.jpg 1 31 12 50 31
0092_0011_0033_0050_0031.jpg 1 11 33 50 31
0093_0007_0010_0066_0041.jpg 1 7 10 66 41
0094_0019_0057_0049_0030.jpg 1 19 57 49 30
0095_0038_0013_0051_0032.jpg 1 38 13 51 32
0096_0043_0034_0050_0031.jpg 1 43 34 50 31
0097_0033_0030_0048_0030.jpg 1 33 30 48 30
0098_0023_0018_0058_0036.jpg 1 23 18 58 36
0099_0026_0049_0067_0042.jpg 1 26 49 67 42
0100_0023_0021_0049_0030.jpg 1 23 21 49 30
0101_0026_0031_0069_0043.jpg 1 26 31 69 43
0102_0016_0021_0048_0030.jpg 1 16 21 48 30
0103_0015_0013_0063_0039.jpg 1 15 13 63 39
0104_0008_0035_0069_0043.jpg 1 8 35 69 43
0105_0012_0050_0063_0039.jpg 1 12 50 63 39
0106_0011_0010_0059_0037.jpg 1 11 10 59 37
0107_0013_0042_0055_0034.jpg 1 13 42 55 34
0108_0005_0033_0052_0032.jpg 1 5 33 52 32
0109_0023_0047_0064_0040.jpg 1 23 47 64 40
0110_0005_0018_0055_0034.jpg 1 5 18 55 34
0111_0010_0020_0069_0043.jpg 1 10 20 69 43
0112_0035_0048_0053_0033.jpg 1 35 48 53 33
0113_0009_0054_0061_0038.jpg 1 9 54 61 38
0114_0030_0028_0055_0034.jpg 1 30 28 55 34
0115_0004_0028_0058_0036.jpg 1 4 28 58 36
0116_0005_0019_0048_0030.jpg 1 5 19 48 30
0117_0020_0026_0069_0043.jpg 1 20 26 69 43
0118_0009_0052_0059_0037.jpg 1 9 52 59 37
0119_0034_0013_0059_0036.jpg 1 34 13 59 36
0120_0011_0046_0062_0039.jpg 1 11 46 62 39
0121_0030_0033_0054_0033.jpg 1 30 33 54 33
0122_0005_0027_0057_0035.jpg 1 5 27 57 35
0123_0021_0024_0064_0040.jpg 1 21 24 64 40
0124_0028_0047_0064_0040.jpg 1 28 47 64 40
0125_0023_0037_0068_0042.jpg 1 23 37 68 42
0126_0015_0045_0063_0039.jpg 1 15 45 63 39
0127_0041_0029_0053_0033.jpg 1 41 29 53 33
0128_0028_0007_0068_0042.jpg 1 28 7 68 42
0129_0013_0031_0066_0041.jpg 1 13 31 66 41
0130_0027_0041_0054_0033.jpg 1 27 41 54 33
0131_0034_0058_0055_0034.jpg 1 34 58 55 34
0132_0034_0055_0055_0034.jpg 1 34 55 55 34
0133_0021_0016_0061_0038.jpg 1 21 16 61 38
0134_0034_0047_0050_0031.jpg 1 34 47 50 31
0135_0005_0053_0051_0031.jpg 1 5 53 51 31
0136_0008_0031_0063_0039.jpg 1 8 31 63 39
0137_0046_0042_0048_0030.jpg 1 46 42 48 30
0138_0011_0045_0065_0040.jpg 1 11 45 65 40
0139_0024_0054_0054_0034.jpg 1 24 54 54 34
0140_0004_0009_0065_0041.jpg 1 4 9 65 41
0141_0009_0029_0069_0043.jpg 1 9 29 69 43
0142_0021_0026_0066_0041.jpg 1 21 26 66 41
0143_0021_0041_0060_0037.jpg 1 21 41 60 37
0144_0033_0020_0054_0034.jpg 1 33 20 54 34
0145_0021_0045_0065_0040.jpg 1 21 45 65 40
0146_0025_0011_0060_0037.jpg 1 25 11 60 37
0147_0020_0008_0065_0041.jpg 1 20 8 65 41
0148_0013_0043_0052_0033.jpg 1 13 43 52 33
0149_0019_0042_0065_0040.jpg 1 19 42 65 40
0150_0011_0022_0048_0030.jpg 1 11 22 48 30
0151_0012_0021_0068_0043.jpg 1 12 21 68 43
0152_0009_0023_0066_0041.jpg 1 9 23 66 41
0153_0024_0022_0068_0042.jpg 1 24 22 68 42
0154_0024_0051_0048_0030.jpg 1 24 51 48 30
0155_0028_0026_0065_0041.jpg 1 28 26 65 41
0156_0007_0052_0064_0040.jpg 1 7 52 64 40
0157_0009_0024_0060_0037.jpg 1 9 24 60 37
0158_0018_0049_0056_0035.jpg 1 18 49 56 35
0159_0019_0018_0055_0034.jpg 1 19 18 55 34
0160_0033_0051_0059_0036.jpg 1 33 51 59 36
0161_0038_0039_0054_0033.jpg 1 38 39 54 33
0162_0019_0042_0068_0043.jpg 1 19 42 68 43
0163_0024_0019_0064_0040.jpg 1 24 19 64 40
0164_0020_0022_0058_0036.jpg 1 20 22 58 36
0165_0034_0023_0049_0030.jpg 1 34 23 49 30
0166_0028_0050_0055_0034.jpg 1 28 50 55 34
0167_0028_0054_0057_0036.jpg 1 28 54 57 36
0168_0035_0036_0048_0030.jpg 1 35 36 48 30
0169_0006_0013_0066_0041.jpg 1 6 13 66 41
0170_0015_0046_0065_0040.jpg 1 15 46 65 40
0171_0029_0037_0056_0035.jpg 1 29 37 56 35
0172_0006_0030_0068_0043.jpg 1 6 30 68 43
0173_0007_0020_0068_0042.jpg 1 7 20 68 42
0174_0004_0010_0057_0036.jpg 1 4 10 57 36
0175_0006_0043_0054_0033.jpg 1 6 43 54 33
0176_0007_0043_0056_0035.jpg 1 7 43 56 35
0177_0021_0009_0065_0040.jpg 1 21 9 65 40
0178_0015_0026_0063_0039.jpg 1 15 26 63 39
0179_0007_0048_0066_0041.jpg 1 7 48 66 41
0180_0035_0060_0050_0031.jpg 1 35 60 50 31
0181_0023_0011_0055_0034.jpg 1 23 11 55 34
0182_0016_0032_0069_0043.jpg 1 16 32 69 43
0183_0039_0050_0054_0033.jpg 1 39 50 54 33
0184_0026_0043_0059_0037.jpg 1 26 43 59 37
0185_0026_0039_0058_0036.jpg 1 26 39 58 36
0186_0004_0034_0063_0039.jpg 1 4 34 63 39
0187_0014_0042_0066_0041.jpg 1 14 42 66 41
0188_0028_0013_0049_0030.jpg 1 28 13 49 30
0189_0017_0006_0065_0041.jpg 1 17 6 65 41
0190_0014_0050_0058_0036.jpg 1 14 50 58 36
0191_0006_0037_0050_0031.jpg 1 6 37 50 31
0192_0036_0015_0054_0033.jpg 1 36 15 54 33
0193_0037_0033_0058_0036.jpg 1 37 33 58 36
0194_0037_0023_0054_0034.jpg 1 37 23 54 34
0195_0015_0031_0056_0035.jpg 1 15 31 56 35
0196_0012_0040_0064_0040.jpg 1 12 40 64 40
0197_0007_0012_0066_0041.jpg 1 7 12 66 41
0198_0026_0046_0066_0041.jpg 1 26 46 66 41
0199_0007_0025_0062_0039.jpg 1 7 25 62 39
0200_0014_0011_0059_0036.jpg 1 14 11 59 36
0201_0028_0035_0051_0032.jpg 1 28 35 51 32
0202_0023_0033_0059_0037.jpg 1 23 33 59 37
0203_0019_0030_0059_0037.jpg 1 19 30 59 37
0204_0016_0046_0056_0035.jpg 1 16 46 56 35
0205_0022_0006_0069_0043.jpg 1 22 6 69 43
0206_0022_0057_0049_0031.jpg 1 22 57 49 31
0207_0008_0036_0068_0042.jpg 1 8 36 68 42
0208_0026_0016_0067_0042.jpg 1 26 16 67 42
0209_0028_0040_0054_0033.jpg 1 28 40 54 33
0210_0019_0055_0060_0037.jpg 1 19 55 60 37
0211_0026_0047_0065_0040.jpg 1 26 47 65 40
0212_0009_0046_0063_0039.jpg 1 9 46 63 39
0213_0031_0011_0060_0038.jpg 1 31 11 60 38
0214_0016_0038_0058_0036.jpg 1 16 38 58 36
0215_0025_0030_0068_0043.jpg 1 25 30 68 43
0216_0021_0023_0058_0036.jpg 1 21 23 58 36
0217_0026_0030_0064_0040.jpg 1 26 30 64 40
0218_0030_0037_0054_0034.jpg 1 30 37 54 34
0219_0021_0052_0049_0031.jpg 1 21 52 49 31
0220_0018_0056_0054_0034.jpg 1 18 56 54 34
0221_0037_0010_0051_0032.jpg 1 37 10 51 32
0222_0028_0012_0068_0042.jpg 1 28 12 68 42
0223_0013_0036_0054_0033.jpg 1 13 36 54 33
0224_0037_0024_0055_0034.jpg 1 37 24 55 34
0225_0025_0013_0064_0040.jpg 1 25 13 64 40
0226_0029_0057_0052_0032.jpg 1 29 57 52 32
0227_0025_0054_0053_0033.jpg 1 25 54 53 33
0228_0005_0022_0067_0041.jpg 1 5 22 67 41
0229_0025_0039_0060_0037.jpg 1 25 39 60 37
0230_0010_0030_0056_0035.jpg 1 10 30 56 35
0231_0018_0012_0064_0040.jpg 1 18 12 64 40
0232_0011_0049_0064_0040.jpg 1 11 49 64 40
0233_0036_0033_0058_0036.jpg 1 36 33 58 36
0234_0015_0038_0055_0034.jpg 1 15 38 55 34
0235_0022_0056_0058_0036.jpg 1 22 56 58 36
0236_0023_0007_0059_0037.jpg 1 23 7 59 37
0237_0027_0046_0048_0030.jpg 1 27 46 48 30
0238_0020_0041_0060_0038.jpg 1 20 41 60 38
0239_0010_0013_0068_0042.jpg 1 10 13 68 42
0240_0005_0052_0052_0032.jpg 1 5 52 52 32
0241_0023_0052_0065_0041.jpg 1 23 52 65 41
0242_0021_0057_0056_0035.jpg 1 21 57 56 35
0243_0027_0051_0065_0040.jpg 1 27 51 65 40
0244_0023_0043_0065_0041.jpg 1 23 43 65 41
0245_0017_0006_0063_0039.jpg 1 17 6 63 39
0246_0017_0052_0068_0042.jpg 1 17 52 68 42
0247_0014_0021_0066_0041.jpg 1 14 21 66 41
0248_0035_0042_0057_0035.jpg 1 35 42 57 35
0249_0042_0055_0050_0031.jpg 1 42 55 50 31
0250_0035_0022_0048_0030.jpg 1 35 22 48 30
0251_0008_0010_0061_0038.jpg 1 8 10 61 38
0252_0008_0040_0060_0037.jpg 1 8 40 60 37
0253_0025_0053_0054_0033.jpg 1 25 53 54 33
0254_0017_0047_0061_0038.jpg 1 17 47 61 38
0255_0031_0062_0048_0030.jpg 1 31 62 48 30
0256_0014_0009_0067_0042.jpg 1 14 9 67 42
