0001_0046_0016_0048_0030.jpg 1 46 16 48 30
0002_0032_0029_0052_0032.jpg 1 32 29 52 32
0003_0017_0022_0069_0043.jpg 1 17 22 69 43
0004_0027_0026_0052_0032.jpg 1 27 26 52 32
0005_0037_0028_0055_0034.jpg 1 37 28 55 34
0006_0017_0039_0066_0041.jpg 1 17 39 66 41
0007_0011_0036_0048_0030.jpg 1 11 36 48 30
0008_0038_0018_0049_0031.jpg 1 38 18 49 31
0009_0021_0018_0064_0040.jpg 1 21 18 64 40
0010_0023_0040_0053_0033.jpg 1 23 40 53 33
0011_0029_0015_0048_0030.jpg 1 29 15 48 30
0012_0030_0034_0066_0041.jpg 1 30 34 66 41
0013_0012_0032_0054_0034.jpg 1 12 32 54 34
0014_0032_0019_0049_0030.jpg 1 32 19 49 30
0015_0011_0010_0054_0033.jpg 1 11 10 54 33
0016_0011_0052_0062_0038.jpg 1 11 52 62 38
0017_0019_0045_0066_0041.jpg 1 19 45 66 41
0018_0014_0008_0050_0031.jpg 1 14 8 50 31
0019_0024_0042_0064_0040.jpg 1 24 42 64 40
0020_0023_0017_0058_0036.jpg 1 23 17 58 36
0021_0006_0013_0066_0041.jpg 1 6 13 66 41
0022_0019_0021_0058_0036.jpg 1 19 21 58 36
0023_0038_0015_0054_0034.jpg 1 38 15 54 34
0024_0027_0015_0051_0032.jpg 1 27 15 51 32
0025_0025_0034_0053_0033.jpg 1 25 34 53 33
0026_0039_0058_0048_0030.jpg 1 39 58 48 30
0027_0019_0013_0049_0030.jpg 1 19 13 49 30
0028_0013_0008_0048_0030.jpg 1 13 8 48 30
0029_0008_0053_0052_0032.jpg 1 8 53 52 32
0030_0027_0031_0058_0036.jpg 1 27 31 58 36
0031_0016_0017_0057_0035.jpg 1 16 17 57 35
0032_0013_0044_0056_0035.jpg 1 13 44 56 35
0033_0034_0032_0059_0036.jpg 1 34 32 59 36
0034_0021_0040_0066_0041.jpg 1 21 40 66 41
0035_0007_0014_0054_0033.jpg 1 7 14 54 33
0036_0034_0057_0058_0036.jpg 1 34 57 58 36
0037_0023_0029_0059_0037.jpg 1 23 29 59 37
0038_0041_0011_0052_0032.jpg 1 41 11 52 32
0039_0011_0009_0060_0037.jpg 1 11 9 60 37
0040_0031_0019_0054_0034.jpg 1 31 19 54 34
0041_0035_0025_0051_0032.jpg 1 35 25 51 32
0042_0013_0046_0059_0037.jpg 1 13 46 59 37
0043_0015_0044_0067_0041.jpg 1 15 44 67 41
0044_0034_0060_0052_0032.jpg 1 34 60 52 32
0045_0008_0030_0068_0042.jpg 1 8 30 68 42
0046_0023_0052_0059_0037.jpg 1 23 52 59 37
0047_0024_0031_0062_0039.jpg 1 24 31 62 39
0048_0025_0007_0062_0038.jpg 1 25 7 62 38
0049_0025_0009_0060_0037.jpg 1 25 9 60 37
0050_0012_0035_0055_0034.jpg 1 12 35 55 34
0051_0022_0019_0055_0034.jpg 1 22 19 55 34
0052_0011_0010_0057_0035.jpg 1 11 10 57 35
0053_0004_0052_0064_0040.jpg 1 4 52 64 40
0054_0022_0017_0054_0033.jpg 1 22 17 54 33
0055_0033_0047_0059_0037.jpg 1 33 47 59 37
0056_0022_0044_0060_0037.jpg 1 22 44 60 37
0057_0024_0010_0054_0034.jpg 1 24 10 54 34
0058_0018_0007_0051_0032.jpg 1 18 7 51 32
0059_0020_0044_0059_0037.jpg 1 20 44 59 37
0060_0031_0008_0052_0032.jpg 1 31 8 52 32
0061_0019_0050_0064_0040.jpg 1 19 50 64 40
0062_0010_0036_0063_0039.jpg 1 10 36 63 39
0063_0019_0015_0067_0042.jpg 1 19 15 67 42
0064_0015_0046_0069_0043.jpg 1 15 46 69 43
0065_0023_0048_0056_0035.jpg 1 23 48 56 35
0066_0008_0049_0059_0037.jpg 1 8 49 59 37
0067_0005_0012_0059_0037.jpg 1 5 12 59 37
0068_0036_0046_0053_0033.jpg 1 36 46 53 33
0069_0009_0046_0050_0031.jpg 1 9 46 50 31
0070_0035_0011_0053_0033.jpg 1 35 11 53 33
0071_0006_0019_0065_0040.jpg 1 6 19 65 40
0072_0035_0015_0053_0033.jpg 1 35 15 53 33
0073_0042_0019_0051_0032.jpg 1 42 19 51 32
0074_0031_0031_0056_0035.jpg 1 31 31 56 35
0075_0022_0018_0057_0036.jpg 1 22 18 57 36
0076_0033_0015_0056_0035.jpg 1 33 15 56 35
0077_0016_0014_0051_0032.jpg 1 16 14 51 32
0078_0016_0045_0049_0031.jpg 1 16 45 49 31
0079_0040_0052_0050_0031.jpg 1 40 52 50 31
0080_0023_0053_0059_0037.jpg 1 23 53 59 37
0081_0005_0039_0067_0042.jpg 1 5 39 67 42
0082_0036_0040_0059_0036.jpg 1 36 40 59 36
0083_0021_0008_0068_0042.jpg 1 21 8 68 42
0084_0032_0017_0061_0038.jpg 1 32 17 61 38
0085_0017_0046_0051_0032.jpg 1 17 46 51 32
0086_0041_0028_0052_0032.jpg 1 41 28 52 32
0087_0015_0007_0057_0035.jpg 1 15 7 57 35
0088_0021_0040_0065_0041.jpg 1 21 40 65 41
0089_0005_0013_0066_0041.jpg 1 5 13 66 41
0090_0029_0042_0050_0031.jpg 1 29 42 50 31
0091_0018_0045_0069_0043.jpg 1 18 45 69 43
0092_0021_0048_0055_0034.jpg 1 21 48 55 34
0093_0019_0049_0048_0030.jpg 1 19 49 48 30
0094_0023_0046_0059_0037.jpg 1 23 46 59 37
0095_0017_0017_0050_0031.jpg 1 17 17 50 31
0096_0016_0014_0059_0037.jpg 1 16 14 59 37
0097_0009_0038_0057_0035.jpg 1 9 38 57 35
0098_0016_0030_0061_0038.jpg 1 16 30 61 38
0099_0011_0035_0066_0041.jpg 1 11 35 66 41
0100_0008_0015_0052_0032.jpg 1 8 15 52 32
0101_0024_0011_0054_0033.jpg 1 24 11 54 33
0102_0022_0009_0066_0041.jpg 1 22 9 66 41
0103_0026_0028_0069_0043.jpg 1 26 28 69 43
0104_0027_0010_0061_0038.jpg 1 27 10 61 38
0105_0034_0023_0061_0038.jpg 1 34 23 61 38
0106_0007_0040_0062_0039.jpg 1 7 40 62 39
0107_0033_0034_0049_0031.jpg 1 33 34 49 31
0108_0005_0012_0062_0039.jpg 1 5 12 62 39
0109_0025_0018_0067_0042.jpg 1 25 18 67 42
0110_0007_0018_0061_0038.jpg 1 7 18 61 38
0111_0016_0035_0061_0038.jpg 1 16 35 61 38
0112_0033_0026_0061_0038.jpg 1 33 26 61 38
0113_0032_0036_0057_0035.jpg 1 32 36 57 35
0114_0029_0051_0050_0031.jpg 1 29 51 50 31
0115_0013_0023_0068_0042.jpg 1 13 23 68 42
0116_0005_0038_0060_0037.jpg 1 5 38 60 37
0117_0024_0008_0060_0038.jpg 1 24 8 60 38
0118_0027_0043_0065_0041.jpg 1 27 43 65 41
0119_0007_0036_0066_0041.jpg 1 7 36 66 41
0120_0007_0022_0068_0042.jpg 1 7 22 68 42
0121_0011_0052_0053_0033.jpg 1 11 52 53 33
0122_0004_0041_0068_0043.jpg 1 4 41 68 43
0123_0009_0023_0065_0041.jpg 1 9 23 65 41
0124_0015_0048_0065_0041.jpg 1 15 48 65 41
0125_0023_0052_0053_0033.jpg 1 23 52 53 33
0126_0025_0031_0069_0043.jpg 1 25 31 69 43
0127_0013_0053_0061_0038.jpg 1 13 53 61 38
0128_0028_0050_0068_0042.jpg 1 28 50 68 42
