0001_0034_0009_0059_0037.jpg 1 34 9 59 37
0002_0005_0020_0059_0037.jpg 1 5 20 59 37
0003_0021_0043_0056_0035.jpg 1 21 43 56 35
0004_0033_0009_0055_0034.jpg 1 33 9 55 34
0005_0023_0052_0068_0042.jpg 1 23 52 68 42
0006_0037_0041_0056_0035.jpg 1 37 41 56 35
0007_0024_0046_0048_0030.jpg 1 24 46 48 30
0008_0029_0039_0053_0033.jpg 1 29 39 53 33
0009_0021_0049_0057_0036.jpg 1 21 49 57 36
0010_0024_0027_0067_0042.jpg 1 24 27 67 42
0011_0029_0059_0054_0034.jpg 1 29 59 54 34
0012_0018_0055_0052_0032.jpg 1 18 55 52 32
0013_0029_0036_0065_0041.jpg 1 29 36 65 41
0014_0005_0043_0059_0036.jpg 1 5 43 59 36
0015_0015_0050_0064_0040.jpg 1 15 50 64 40
0016_0009_0016_0064_0040.jpg 1 9 16 64 40
0017_0021_0035_0064_0040.jpg 1 21 35 64 40
0018_0004_0016_0063_0039.jpg 1 4 16 63 39
0019_0014_0018_0064_0040.jpg 1 14 18 64 40
0020_0004_0042_0056_0035.jpg 1 4 42 56 35
0021_0020_0014_0064_0040.jpg 1 20 14 64 40
0022_0040_0025_0054_0033.jpg 1 40 25 54 33
0023_0017_0008_0059_0037.jpg 1 17 8 59 37
0024_0016_0016_0060_0037.jpg 1 16 16 60 37
0025_0013_0044_0063_0039.jpg 1 13 44 63 39
0026_0012_0027_0057_0035.jpg 1 12 27 57 35
0027_0017_0022_0059_0037.jpg 1 17 22 59 37
0028_0033_0009_0060_0037.jpg 1 33 9 60 37
0029_0042_0018_0051_0032.jpg 1 42 18 51 32
0030_0039_0028_0053_0033.jpg 1 39 28 53 33
0031_0016_0046_0067_0042.jpg 1 16 46 67 42
0032_0007_0043_0065_0040.jpg 1 7 43 65 40
0033_0005_0007_0069_0043.jpg 1 5 7 69 43
0034_0005_0035_0061_0038.jpg 1 5 35 61 38
0035_0022_0050_0053_0033.jpg 1 22 50 53 33
0036_0014_0012_0066_0041.jpg 1 14 12 66 41
0037_0024_0038_0048_0030.jpg 1 24 38 48 30
0038_0035_0049_0058_0036.jpg 1 35 49 58 36
0039_0022_0057_0052_0032.jpg 1 22 57 52 32
0040_0011_0042_0067_0042.jpg 1 11 42 67 42
0041_0033_0017_0051_0032.jpg 1 33 17 51 32
0042_0010_0035_0065_0041.jpg 1 10 35 65 41
0043_0022_0037_0053_0033.jpg 1 22 37 53 33
0044_0006_0056_0051_0032.jpg 1 6 56 51 32
0045_0014_0044_0068_0042.jpg 1 14 44 68 42
0046_0040_0047_0048_0030.jpg 1 40 47 48 30
0047_0031_0020_0055_0034.jpg 1 31 20 55 34
0048_0038_0028_0051_0032.jpg 1 38 28 51 32
0049_0025_0007_0064_0040.jpg 1 25 7 64 40
0050_0009_0019_0049_0031.jpg 1 9 19 49 31
0051_0046_0052_0048_0030.jpg 1 46 52 48 30
0052_0036_0014_0055_0034.jpg 1 36 14 55 34
0053_0033_0033_0050_0031.jpg 1 33 33 50 31
0054_0005_0034_0064_0040.jpg 1 5 34 64 40
0055_0027_0028_0052_0033.jpg 1 27 28 52 33
0056_0013_0011_0065_0040.jpg 1 13 11 65 40
0057_0010_0020_0067_0042.jpg 1 10 20 67 42
0058_0029_0008_0060_0037.jpg 1 29 8 60 37
0059_0017_0022_0069_0043.jpg 1 17 22 69 43
0060_0012_0049_0061_0038.jpg 1 12 49 61 38
0061_0029_0036_0060_0037.jpg 1 29 36 60 37
0062_0030_0026_0066_0041.jpg 1 30 26 66 41
0063_0028_0008_0067_0042.jpg 1 28 8 67 42
0064_0026_0035_0062_0039.jpg 1 26 35 62 39
0065_0021_0050_0067_0042.jpg 1 21 50 67 42
0066_0025_0009_0051_0032.jpg 1 25 9 51 32
0067_0005_0025_0053_0033.jpg 1 5 25 53 33
0068_0014_0046_0066_0041.jpg 1 14 46 66 41
0069_0043_0014_0049_0031.jpg 1 43 14 49 31
0070_0008_0048_0063_0039.jpg 1 8 48 63 39
0071_0025_0015_0057_0035.jpg 1 25 15 57 35
0072_0005_0036_0055_0034.jpg 1 5 36 55 34
0073_0013_0029_0069_0043.jpg 1 13 29 69 43
0074_0010_0011_0057_0036.jpg 1 10 11 57 36
0075_0018_0010_0062_0038.jpg 1 18 10 62 38
0076_0009_0027_0062_0038.jpg 1 9 27 62 38
0077_0016_0044_0059_0037.jpg 1 16 44 59 37
0078_0018_0040_0064_0040.jpg 1 18 40 64 40
0079_0033_0043_0055_0034.jpg 1 33 43 55 34
0080_0008_0057_0050_0031.jpg 1 8 57 50 31
0081_0003_0037_0069_0043.jpg 1 3 37 69 43
0082_0027_0024_0051_0031.jpg 1 27 24 51 31
0083_0007_0024_0059_0037.jpg 1 7 24 59 37
0084_0015_0045_0067_0041.jpg 1 15 45 67 41
0085_0018_0012_0060_0037.jpg 1 18 12 60 37
0086_0035_0042_0058_0036.jpg 1 35 42 58 36
0087_0037_0025_0055_0034.jpg 1 37 25 55 34
0088_0023_0036_0068_0043.jpg 1 23 36 68 43
0089_0026_0012_0057_0035.jpg 1 26 12 57 35
0090_0018_0036_0062_0039.jpg 1 18 36 62 39
0091_0013_0006_0053_0033.jpg 1 13 6 53 33
0092_0030_0007_0050_0031.jpg 1 30 7 50 31
0093_0017_0030_0064_0040.jpg 1 17 30 64 40
0094_0026_0008_0059_0037.jpg 1 26 8 59 37
0095_0026_0041_0057_0036.jpg 1 26 41 57 36
0096_0037_0035_0053_0033.jpg 1 37 35 53 33
0097_0014_0012_0057_0035.jpg 1 14 12 57 35
0098_0028_0024_0066_0041.jpg 1 28 24 66 41
0099_0016_0046_0049_0030.jpg 1 16 46 49 30
0100_0026_0037_0053_0033.jpg 1 26 37 53 33
0101_0026_0021_0049_0031.jpg 1 26 21 49 31
0102_0020_0016_0059_0037.jpg 1 20 16 59 37
0103_0024_0016_0057_0036.jpg 1 24 16 57 36
0104_0032_0021_0055_0034.jpg 1 32 21 55 34
0105_0033_0050_0058_0036.jpg 1 33 50 58 36
0106_0005_0047_0050_0031.jpg 1 5 47 50 31
0107_0006_0046_0064_0040.jpg 1 6 46 64 40
0108_0009_0010_0059_0037.jpg 1 9 10 59 37
0109_0041_0053_0049_0031.jpg 1 41 53 49 31
0110_0022_0010_0057_0036.jpg 1 22 10 57 36
0111_0027_0027_0050_0031.jpg 1 27 27 50 31
0112_0024_0007_0062_0039.jpg 1 24 7 62 39
0113_0028_0017_0059_0037.jpg 1 28 17 59 37
0114_0032_0052_0059_0036.jpg 1 32 52 59 36
0115_0010_0043_0067_0042.jpg 1 10 43 67 42
0116_0025_0048_0062_0039.jpg 1 25 48 62 39
0117_0014_0029_0050_0031.jpg 1 14 29 50 31
0118_0034_0032_0060_0037.jpg 1 34 32 60 37
0119_0008_0018_0069_0043.jpg 1 8 18 69 43
0120_0011_0020_0068_0042.jpg 1 11 20 68 42
0121_0040_0052_0048_0030.jpg 1 40 52 48 30
0122_0036_0030_0048_0030.jpg 1 36 30 48 30
0123_0027_0052_0062_0039.jpg 1 27 52 62 39
0124_0028_0012_0067_0042.jpg 1 28 12 67 42
0125_0024_0051_0069_0043.jpg 1 24 51 69 43
0126_0016_0011_0067_0042.jpg 1 16 11 67 42
0127_0010_0049_0064_0040.jpg 1 10 49 64 40
0128_0024_0019_0066_0041.jpg 1 24 19 66 41
0129_0009_0038_0050_0031.jpg 1 9 38 50 31
0130_0008_0022_0051_0032.jpg 1 8 22 51 32
0131_0029_0029_0054_0034.jpg 1 29 29 54 34
0132_0012_0046_0049_0030.jpg 1 12 46 49 30
0133_0024_0056_0050_0031.jpg 1 24 56 50 31
0134_0019_0019_0059_0037.jpg 1 19 19 59 37
0135_0029_0009_0063_0039.jpg 1 29 9 63 39
0136_0015_0045_0063_0039.jpg 1 15 45 63 39
0137_0017_0030_0053_0033.jpg 1 17 30 53 33
0138_0006_0044_0049_0030.jpg 1 6 44 49 30
0139_0022_0006_0057_0036.jpg 1 22 6 57 36
0140_0039_0046_0052_0032.jpg 1 39 46 52 32
0141_0023_0056_0052_0032.jpg 1 23 56 52 32
0142_0026_0030_0062_0039.jpg 1 26 30 62 39
0143_0006_0040_0065_0041.jpg 1 6 40 65 41
0144_0024_0041_0059_0037.jpg 1 24 41 59 37
0145_0021_0015_0069_0043.jpg 1 21 15 69 43
0146_0011_0056_0052_0032.jpg 1 11 56 52 32
0147_0028_0038_0064_0040.jpg 1 28 38 64 40
0148_0032_0045_0060_0037.jpg 1 32 45 60 37
0149_0006_0048_0052_0032.jpg 1 6 48 52 32
0150_0026_0036_0067_0042.jpg 1 26 36 67 42
0151_0004_0006_0065_0040.jpg 1 4 6 65 40
0152_0039_0025_0049_0031.jpg 1 39 25 49 31
0153_0009_0040_0068_0042.jpg 1 9 40 68 42
0154_0039_0019_0053_0033.jpg 1 39 19 53 33
0155_0027_0026_0065_0041.jpg 1 27 26 65 41
0156_0030_0039_0057_0036.jpg 1 30 39 57 36
0157_0029_0016_0057_0035.jpg 1 29 16 57 35
0158_0014_0048_0055_0034.jpg 1 14 48 55 34
0159_0017_0029_0052_0033.jpg 1 17 29 52 33
0160_0032_0008_0051_0031.jpg 1 32 8 51 31
0161_0008_0020_0066_0041.jpg 1 8 20 66 41
0162_0021_0021_0059_0037.jpg 1 21 21 59 37
0163_0022_0032_0057_0036.jpg 1 22 32 57 36
0164_0028_0053_0063_0039.jpg 1 28 53 63 39
0165_0019_0022_0062_0038.jpg 1 19 22 62 38
0166_0017_0034_0068_0042.jpg 1 17 34 68 42
0167_0029_0028_0048_0030.jpg 1 29 28 48 30
0168_0009_0017_0059_0037.jpg 1 9 17 59 37
0169_0014_0014_0069_0043.jpg 1 14 14 69 43
0170_0008_0021_0062_0039.jpg 1 8 21 62 39
0171_0012_0050_0051_0032.jpg 1 12 50 51 32
0172_0026_0054_0061_0038.jpg 1 26 54 61 38
0173_0033_0046_0057_0036.jpg 1 33 46 57 36
0174_0010_0048_0051_0032.jpg 1 10 48 51 32
0175_0009_0045_0065_0040.jpg 1 9 45 65 40
0176_0008_0027_0060_0037.jpg 1 8 27 60 37
0177_0034_0016_0055_0034.jpg 1 34 16 55 34
0178_0006_0038_0069_0043.jpg 1 6 38 69 43
0179_0040_0029_0051_0032.jpg 1 40 29 51 32
0180_0025_0018_0060_0037.jpg 1 25 18 60 37
0181_0025_0036_0067_0041.jpg 1 25 36 67 41
0182_0005_0058_0054_0033.jpg 1 5 58 54 33
0183_0027_0026_0056_0035.jpg 1 27 26 56 35
0184_0023_0014_0067_0042.jpg 1 23 14 67 42
0185_0039_0051_0053_0033.jpg 1 39 51 53 33
0186_0027_0031_0058_0036.jpg 1 27 31 58 36
0187_0004_0057_0054_0034.jpg 1 4 57 54 34
0188_0034_0011_0049_0030.jpg 1 34 11 49 30
0189_0022_0036_0057_0035.jpg 1 22 36 57 35
0190_0031_0028_0061_0038.jpg 1 31 28 61 38
0191_0033_0055_0053_0033.jpg 1 33 55 53 33
0192_0006_0017_0057_0036.jpg 1 6 17 57 36
0193_0031_0057_0051_0032.jpg 1 31 57 51 32
0194_0005_0029_0061_0038.jpg 1 5 29 61 38
0195_0011_0028_0063_0039.jpg 1 11 28 63 39
0196_0011_0028_0059_0037.jpg 1 11 28 59 37
0197_0016_0016_0057_0036.jpg 1 16 16 57 36
0198_0017_0018_0049_0030.jpg 1 17 18 49 30
0199_0017_0020_0058_0036.jpg 1 17 20 58 36
0200_0008_0034_0068_0042.jpg 1 8 34 68 42
0201_0026_0018_0050_0031.jpg 1 26 18 50 31
0202_0006_0047_0069_0043.jpg 1 6 47 69 43
0203_0017_0007_0054_0034.jpg 1 17 7 54 34
0204_0037_0008_0051_0032.jpg 1 37 8 51 32
0205_0041_0010_0048_0030.jpg 1 41 10 48 30
0206_0005_0011_0068_0042.jpg 1 5 11 68 42
0207_0015_0049_0061_0038.jpg 1 15 49 61 38
0208_0018_0034_0062_0039.jpg 1 18 34 62 39
0209_0014_0031_0062_0039.jpg 1 14 31 62 39
0210_0030_0021_0054_0034.jpg 1 30 21 54 34
0211_0020_0007_0059_0037.jpg 1 20 7 59 37
0212_0031_0042_0055_0034.jpg 1 31 42 55 34
0213_0023_0034_0069_0043.jpg 1 23 34 69 43
0214_0021_0007_0068_0042.jpg 1 21 7 68 42
0215_0025_0027_0067_0042.jpg 1 25 27 67 42
0216_0015_0039_0062_0039.jpg 1 15 39 62 39
0217_0028_0013_0058_0036.jpg 1 28 13 58 36
0218_0025_0050_0051_0032.jpg 1 25 50 51 32
0219_0009_0026_0052_0032.jpg 1 9 26 52 32
0220_0033_0042_0063_0039.jpg 1 33 42 63 39
0221_0029_0015_0058_0036.jpg 1 29 15 58 36
0222_0023_0019_0049_0031.jpg 1 23 19 49 31
0223_0035_0008_0059_0037.jpg 1 35 8 59 37
0224_0025_0010_0052_0032.jpg 1 25 10 52 32
0225_0015_0017_0066_0041.jpg 1 15 17 66 41
0226_0014_0043_0057_0036.jpg 1 14 43 57 36
0227_0007_0032_0064_0040.jpg 1 7 32 64 40
0228_0022_0015_0065_0041.jpg 1 22 15 65 41
0229_0014_0045_0057_0035.jpg 1 14 45 57 35
0230_0005_0039_0064_0040.jpg 1 5 39 64 40
0231_0022_0007_0064_0040.jpg 1 22 7 64 40
0232_0023_0037_0059_0037.jpg 1 23 37 59 37
0233_0008_0010_0067_0041.jpg 1 8 10 67 41
0234_0025_0045_0060_0037.jpg 1 25 45 60 37
0235_0006_0016_0068_0042.jpg 1 6 16 68 42
0236_0011_0056_0053_0033.jpg 1 11 56 53 33
0237_0033_0038_0051_0032.jpg 1 33 38 51 32
0238_0007_0016_0067_0042.jpg 1 7 16 67 42
0239_0030_0020_0052_0032.jpg 1 30 20 52 32
0240_0029_0053_0062_0039.jpg 1 29 53 62 39
0241_0017_0039_0056_0035.jpg 1 17 39 56 35
0242_0027_0012_0061_0038.jpg 1 27 12 61 38
0243_0017_0007_0054_0033.jpg 1 17 7 54 33
0244_0028_0016_0052_0033.jpg 1 28 16 52 33
0245_0004_0015_0057_0035.jpg 1 4 15 57 35
0246_0016_0050_0066_0041.jpg 1 16 50 66 41
0247_0014_0033_0048_0030.jpg 1 14 33 48 30
0248_0012_0033_0066_0041.jpg 1 12 33 66 41
0249_0016_0030_0054_0033.jpg 1 16 30 54 33
0250_0025_0027_0061_0038.jpg 1 25 27 61 38
0251_0010_0041_0068_0042.jpg 1 10 41 68 42
0252_0012_0030_0056_0035.jpg 1 12 30 56 35
0253_0033_0056_0053_0033.jpg 1 33 56 53 33
0254_0024_0009_0061_0038.jpg 1 24 9 61 38
0255_0005_0006_0067_0042.jpg 1 5 6 67 42
0256_0007_0052_0053_0033.jpg 1 7 52 53 33
