0001_0041_0008_0050_0031.jpg 1 41 8 50 31
0002_0025_0046_0069_0043.jpg 1 25 46 69 43
0003_0038_0010_0051_0031.jpg 1 38 10 51 31
0004_0016_0046_0059_0036.jpg 1 16 46 59 36
0005_0032_0047_0051_0032.jpg 1 32 47 51 32
0006_0020_0051_0063_0039.jpg 1 20 51 63 39
0007_0041_0008_0051_0032.jpg 1 41 8 51 32
0008_0032_0015_0056_0035.jpg 1 32 15 56 35
0009_0032_0035_0061_0038.jpg 1 32 35 61 38
0010_0015_0010_0061_0038.jpg 1 15 10 61 38
0011_0011_0015_0061_0038.jpg 1 11 15 61 38
0012_0013_0040_0058_0036.jpg 1 13 40 58 36
0013_0011_0009_0055_0034.jpg 1 11 9 55 34
0014_0026_0026_0065_0040.jpg 1 26 26 65 40
0015_0028_0011_0050_0031.jpg 1 28 11 50 31
0016_0036_0017_0057_0035.jpg 1 36 17 57 35
0017_0034_0025_0049_0031.jpg 1 34 25 49 31
0018_0018_0034_0060_0037.jpg 1 18 34 60 37
0019_0025_0006_0062_0038.jpg 1 25 6 62 38
0020_0030_0049_0057_0035.jpg 1 30 49 57 35
0021_0014_0011_0052_0032.jpg 1 14 11 52 32
0022_0019_0039_0066_0041.jpg 1 19 39 66 41
0023_0008_0007_0063_0039.jpg 1 8 7 63 39
0024_0011_0038_0065_0040.jpg 1 11 38 65 40
0025_0006_0038_0067_0042.jpg 1 6 38 67 42
0026_0018_0026_0057_0035.jpg 1 18 26 57 35
0027_0025_0007_0063_0039.jpg 1 25 7 63 39
0028_0030_0032_0061_0038.jpg 1 30 32 61 38
0029_0030_0049_0051_0032.jpg 1 30 49 51 32
0030_0007_0020_0056_0035.jpg 1 7 20 56 35
0031_0035_0049_0051_0032.jpg 1 35 49 51 32
0032_0012_0041_0064_0040.jpg 1 12 41 64 40
0033_0005_0051_0051_0032.jpg 1 5 51 51 32
0034_0026_0037_0050_0031.jpg 1 26 37 50 31
0035_0045_0009_0049_0030.jpg 1 45 9 49 30
0036_0019_0038_0061_0038.jpg 1 19 38 61 38
0037_0028_0045_0057_0036.jpg 1 28 45 57 36
0038_0037_0054_0049_0030.jpg 1 37 54 49 30
0039_0011_0044_0059_0036.jpg 1 11 44 59 36
0040_0010_0021_0061_0038.jpg 1 10 21 61 38
0041_0022_0037_0065_0040.jpg 1 22 37 65 40
0042_0016_0054_0058_0036.jpg 1 16 54 58 36
0043_0006_0021_0059_0037.jpg 1 6 21 59 37
0044_0016_0016_0066_0041.jpg 1 16 16 66 41
0045_0022_0030_0064_0040.jpg 1 22 30 64 40
0046_0011_0009_0057_0036.jpg 1 11 9 57 36
0047_0044_0038_0049_0031.jpg 1 44 38 49 31
0048_0027_0020_0066_0041.jpg 1 27 20 66 41
0049_0034_0031_0054_0033.jpg 1 34 31 54 33
0050_0003_0047_0067_0042.jpg 1 3 47 67 42
0051_0032_0059_0054_0033.jpg 1 32 59 54 33
0052_0009_0040_0056_0035.jpg 1 9 40 56 35
0053_0006_0012_0054_0033.jpg 1 6 12 54 33
0054_0026_0047_0054_0033.jpg 1 26 47 54 33
0055_0031_0026_0057_0036.jpg 1 31 26 57 36
0056_0033_0010_0059_0037.jpg 1 33 10 59 37
0057_0014_0024_0048_0030.jpg 1 14 24 48 30
0058_0011_0031_0069_0043.jpg 1 11 31 69 43
0059_0006_0042_0069_0043.jpg 1 6 42 69 43
0060_0004_0015_0058_0036.jpg 1 4 15 58 36
0061_0024_0010_0059_0037.jpg 1 24 10 59 37
0062_0009_0029_0068_0043.jpg 1 9 29 68 43
0063_0013_0008_0062_0039.jpg 1 13 8 62 39
0064_0016_0018_0069_0043.jpg 1 16 18 69 43
0065_0016_0030_0058_0036.jpg 1 16 30 58 36
0066_0034_0019_0053_0033.jpg 1 34 19 53 33
0067_0004_0046_0058_0036.jpg 1 4 46 58 36
0068_0022_0051_0065_0041.jpg 1 22 51 65 41
0069_0038_0028_0054_0033.jpg 1 38 28 54 33
0070_0032_0010_0064_0040.jpg 1 32 10 64 40
0071_0032_0031_0053_0033.jpg 1 32 31 53 33
0072_0022_0053_0066_0041.jpg 1 22 53 66 41
0073_0031_0012_0064_0040.jpg 1 31 12 64 40
0074_0029_0056_0052_0033.jpg 1 29 56 52 33
0075_0011_0033_0066_0041.jpg 1 11 33 66 41
0076_0012_0017_0067_0041.jpg 1 12 17 67 41
0077_0012_0043_0050_0031.jpg 1 12 43 50 31
0078_0025_0055_0052_0032.jpg 1 25 55 52 32
0079_0004_0040_0059_0037.jpg 1 4 40 59 37
0080_0032_0037_0048_0030.jpg 1 32 37 48 30
0081_0023_0041_0066_0041.jpg 1 23 41 66 41
0082_0023_0052_0049_0030.jpg 1 23 52 49 30
0083_0022_0025_0068_0042.jpg 1 22 25 68 42
0084_0018_0054_0057_0035.jpg 1 18 54 57 35
0085_0039_0037_0056_0035.jpg 1 39 37 56 35
0086_0019_0012_0052_0033.jpg 1 19 12 52 33
0087_0020_0059_0052_0032.jpg 1 20 59 52 32
0088_0016_0013_0059_0037.jpg 1 16 13 59 37
0089_0011_0041_0055_0034.jpg 1 11 41 55 34
0090_0031_0010_0056_0035.jpg 1 31 10 56 35
0091_0026_0052_0053_0033.jpg 1 26 52 53 33
0092_0032_0013_0052_0032.jpg 1 32 13 52 32
0093_0023_0027_0048_0030.jpg 1 23 27 48 30
0094_0024_0042_0066_0041.jpg 1 24 42 66 41
0095_0019_0036_0060_0037.jpg 1 19 36 60 37
0096_0013_0029_0060_0038.jpg 1 13 29 60 38
0097_0005_0025_0060_0038.jpg 1 5 25 60 38
0098_0012_0019_0050_0031.jpg 1 12 19 50 31
0099_0018_0023_0059_0037.jpg 1 18 23 59 37
0100_0004_0021_0058_0036.jpg 1 4 21 58 36
0101_0029_0008_0060_0037.jpg 1 29 8 60 37
0102_0007_0048_0063_0039.jpg 1 7 48 63 39
0103_0011_0023_0063_0039.jpg 1 11 23 63 39
0104_0012_0010_0057_0036.jpg 1 12 10 57 36
0105_0007_0046_0053_0033.jpg 1 7 46 53 33
0106_0012_0054_0049_0031.jpg 1 12 54 49 31
0107_0020_0018_0062_0039.jpg 1 20 18 62 39
0108_0031_0033_0058_0036.jpg 1 31 33 58 36
0109_0011_0038_0052_0032.jpg 1 11 38 52 32
0110_0010_0023_0055_0034.jpg 1 10 23 55 34
0111_0011_0057_0054_0034.jpg 1 11 57 54 34
0112_0020_0043_0060_0038.jpg 1 20 43 60 38
0113_0019_0021_0062_0039.jpg 1 19 21 62 39
0114_0008_0025_0048_0030.jpg 1 8 25 48 30
0115_0009_0037_0055_0034.jpg 1 9 37 55 34
0116_0012_0057_0050_0031.jpg 1 12 57 50 31
0117_0046_0032_0048_0030.jpg 1 46 32 48 30
0118_0023_0007_0066_0041.jpg 1 23 7 66 41
0119_0020_0051_0062_0039.jpg 1 20 51 62 39
0120_0010_0020_0054_0034.jpg 1 10 20 54 34
0121_0015_0032_0058_0036.jpg 1 15 32 58 36
0122_0020_0039_0057_0036.jpg 1 20 39 57 36
0123_0043_0022_0049_0031.jpg 1 43 22 49 31
0124_0028_0028_0055_0034.jpg 1 28 28 55 34
0125_0016_0032_0059_0037.jpg 1 16 32 59 37
0126_0014_0018_0066_0041.jpg 1 14 18 66 41
0127_0044_0031_0050_0031.jpg 1 44 31 50 31
0128_0035_0055_0054_0034.jpg 1 35 55 54 34
