0001_0009_0006_0068_0043.jpg 1 9 6 68 43
0002_0022_0013_0067_0042.jpg 1 22 13 67 42
0003_0018_0028_0055_0034.jpg 1 18 28 55 34
0004_0031_0045_0056_0035.jpg 1 31 45 56 35
0005_0015_0026_0057_0036.jpg 1 15 26 57 36
0006_0023_0054_0054_0033.jpg 1 23 54 54 33
0007_0012_0016_0056_0035.jpg 1 12 16 56 35
0008_0028_0049_0060_0038.jpg 1 28 49 60 38
0009_0006_0046_0069_0043.jpg 1 6 46 69 43
0010_0015_0016_0069_0043.jpg 1 15 16 69 43
0011_0037_0018_0054_0034.jpg 1 37 18 54 34
0012_0008_0006_0056_0035.jpg 1 8 6 56 35
0013_0006_0051_0056_0035.jpg 1 6 51 56 35
0014_0018_0027_0062_0038.jpg 1 18 27 62 38
0015_0033_0050_0056_0035.jpg 1 33 50 56 35
0016_0007_0048_0054_0033.jpg 1 7 48 54 33
0017_0018_0050_0060_0037.jpg 1 18 50 60 37
0018_0003_0051_0066_0041.jpg 1 3 51 66 41
0019_0041_0045_0050_0031.jpg 1 41 45 50 31
0020_0018_0018_0062_0038.jpg 1 18 18 62 38
0021_0010_0018_0060_0037.jpg 1 10 18 60 37
0022_0005_0031_0055_0034.jpg 1 5 31 55 34
0023_0029_0042_0055_0034.jpg 1 29 42 55 34
0024_0015_0021_0051_0032.jpg 1 15 21 51 32
0025_0019_0046_0053_0033.jpg 1 19 46 53 33
0026_0019_0056_0051_0032.jpg 1 19 56 51 32
0027_0012_0029_0065_0040.jpg 1 12 29 65 40
0028_0011_0038_0061_0038.jpg 1 11 38 61 38
0029_0007_0037_0068_0043.jpg 1 7 37 68 43
0030_0032_0040_0063_0039.jpg 1 32 40 63 39
0031_0007_0048_0069_0043.jpg 1 7 48 69 43
0032_0015_0015_0061_0038.jpg 1 15 15 61 38
0033_0007_0031_0058_0036.jpg 1 7 31 58 36
0034_0022_0032_0068_0042.jpg 1 22 32 68 42
0035_0015_0041_0064_0040.jpg 1 15 41 64 40
0036_0007_0032_0065_0041.jpg 1 7 32 65 41
0037_0033_0055_0056_0035.jpg 1 33 55 56 35
0038_0015_0011_0050_0031.jpg 1 15 11 50 31
0039_0022_0029_0069_0043.jpg 1 22 29 69 43
0040_0005_0037_0066_0041.jpg 1 5 37 66 41
0041_0042_0048_0053_0033.jpg 1 42 48 53 33
0042_0035_0024_0050_0031.jpg 1 35 24 50 31
0043_0035_0062_0048_0030.jpg 1 35 62 48 30
0044_0027_0036_0054_0034.jpg 1 27 36 54 34
0045_0023_0031_0054_0033.jpg 1 23 31 54 33
0046_0025_0042_0064_0040.jpg 1 25 42 64 40
0047_0026_0028_0061_0038.jpg 1 26 28 61 38
0048_0042_0038_0049_0030.jpg 1 42 38 49 30
0049_0005_0022_0066_0041.jpg 1 5 22 66 41
0050_0006_0032_0062_0039.jpg 1 6 32 62 39
0051_0033_0017_0049_0031.jpg 1 33 17 49 31
0052_0023_0009_0069_0043.jpg 1 23 9 69 43
0053_0023_0051_0049_0030.jpg 1 23 51 49 30
0054_0020_0045_0048_0030.jpg 1 20 45 48 30
0055_0017_0034_0055_0034.jpg 1 17 34 55 34
0056_0030_0040_0061_0038.jpg 1 30 40 61 38
0057_0013_0037_0069_0043.jpg 1 13 37 69 43
0058_0026_0037_0055_0034.jpg 1 26 37 55 34
0059_0039_0050_0048_0030.jpg 1 39 50 48 30
0060_0023_0035_0049_0031.jpg 1 23 35 49 31
0061_0008_0017_0049_0031.jpg 1 8 17 49 31
0062_0007_0033_0064_0040.jpg 1 7 33 64 40
0063_0010_0038_0063_0039.jpg 1 10 38 63 39
0064_0028_0034_0049_0031.jpg 1 28 34 49 31
0065_0020_0015_0054_0033.jpg 1 20 15 54 33
0066_0028_0046_0059_0037.jpg 1 28 46 59 37
0067_0020_0042_0052_0032.jpg 1 20 42 52 32
0068_0027_0015_0068_0042.jpg 1 27 15 68 42
0069_0014_0021_0057_0035.jpg 1 14 21 57 35
0070_0041_0008_0048_0030.jpg 1 41 8 48 30
0071_0017_0056_0059_0037.jpg 1 17 56 59 37
0072_0023_0013_0065_0040.jpg 1 23 13 65 40
0073_0010_0047_0052_0032.jpg 1 10 47 52 32
0074_0038_0060_0049_0030.jpg 1 38 60 49 30
0075_0004_0031_0062_0039.jpg 1 4 31 62 39
0076_0008_0062_0049_0030.jpg 1 8 62 49 30
0077_0041_0060_0050_0031.jpg 1 41 60 50 31
0078_0024_0047_0049_0030.jpg 1 24 47 49 30
0079_0032_0034_0062_0038.jpg 1 32 34 62 38
0080_0033_0040_0051_0032.jpg 1 33 40 51 32
0081_0011_0040_0065_0040.jpg 1 11 40 65 40
0082_0022_0027_0066_0041.jpg 1 22 27 66 41
0083_0033_0017_0058_0036.jpg 1 33 17 58 36
0084_0015_0016_0063_0039.jpg 1 15 16 63 39
0085_0009_0042_0065_0040.jpg 1 9 42 65 40
0086_0013_0018_0061_0038.jpg 1 13 18 61 38
0087_0011_0050_0065_0040.jpg 1 11 50 65 40
0088_0017_0048_0064_0040.jpg 1 17 48 64 40
0089_0035_0033_0057_0035.jpg 1 35 33 57 35
0090_0046_0023_0048_0030.jpg 1 46 23 48 30
0091_0037_0031_0049_0030.jpg 1 37 31 49 30
0092_0034_0033_0055_0034.jpg 1 34 33 55 34
0093_0015_0047_0055_0034.jpg 1 15 47 55 34
0094_0020_0030_0069_0043.jpg 1 20 30 69 43
0095_0017_0013_0052_0032.jpg 1 17 13 52 32
0096_0013_0023_0058_0036.jpg 1 13 23 58 36
0097_0021_0032_0051_0032.jpg 1 21 32 51 32
0098_0035_0007_0055_0034.jpg 1 35 7 55 34
0099_0031_0034_0053_0033.jpg 1 31 34 53 33
0100_0003_0038_0069_0043.jpg 1 3 38 69 43
0101_0011_0058_0056_0035.jpg 1 11 58 56 35
0102_0021_0034_0069_0043.jpg 1 21 34 69 43
0103_0019_0016_0066_0041.jpg 1 19 16 66 41
0104_0028_0043_0060_0037.jpg 1 28 43 60 37
0105_0021_0045_0054_0034.jpg 1 21 45 54 34
0106_0011_0010_0059_0037.jpg 1 11 10 59 37
0107_0024_0049_0062_0039.jpg 1 24 49 62 39
0108_0012_0019_0066_0041.jpg 1 12 19 66 41
0109_0019_0013_0068_0043.jpg 1 19 13 68 43
0110_0026_0035_0058_0036.jpg 1 26 35 58 36
0111_0030_0039_0052_0032.jpg 1 30 39 52 32
0112_0036_0044_0056_0035.jpg 1 36 44 56 35
0113_0026_0009_0060_0037.jpg 1 26 9 60 37
0114_0037_0040_0053_0033.jpg 1 37 40 53 33
0115_0017_0015_0063_0039.jpg 1 17 15 63 39
0116_0012_0033_0067_0042.jpg 1 12 33 67 42
0117_0028_0019_0050_0031.jpg 1 28 19 50 31
0118_0012_0035_0057_0035.jpg 1 12 35 57 35
0119_0009_0020_0056_0035.jpg 1 9 20 56 35
0120_0017_0036_0068_0042.jpg 1 17 36 68 42
0121_0014_0037_0049_0031.jpg 1 14 37 49 31
0122_0003_0009_0066_0041.jpg 1 3 9 66 41
0123_0025_0020_0066_0041.jpg 1 25 20 66 41
0124_0042_0032_0051_0032.jpg 1 42 32 51 32
0125_0015_0039_0061_0038.jpg 1 15 39 61 38
0126_0023_0035_0064_0040.jpg 1 23 35 64 40
0127_0019_0029_0059_0037.jpg 1 19 29 59 37
0128_0020_0025_0060_0037.jpg 1 20 25 60 37
0129_0013_0053_0060_0037.jpg 1 13 53 60 37
0130_0035_0042_0055_0034.jpg 1 35 42 55 34
0131_0015_0043_0059_0037.jpg 1 15 43 59 37
0132_0015_0047_0050_0031.jpg 1 15 47 50 31
0133_0012_0009_0060_0037.jpg 1 12 9 60 37
0134_0015_0015_0062_0039.jpg 1 15 15 62 39
0135_0021_0050_0051_0031.jpg 1 21 50 51 31
0136_0037_0044_0050_0031.jpg 1 37 44 50 31
0137_0043_0012_0048_0030.jpg 1 43 12 48 30
0138_0035_0007_0051_0032.jpg 1 35 7 51 32
0139_0005_0038_0063_0039.jpg 1 5 38 63 39
0140_0011_0045_0059_0037.jpg 1 11 45 59 37
0141_0022_0037_0067_0042.jpg 1 22 37 67 42
0142_0025_0061_0048_0030.jpg 1 25 61 48 30
0143_0027_0030_0063_0039.jpg 1 27 30 63 39
0144_0033_0020_0057_0035.jpg 1 33 20 57 35
0145_0022_0010_0069_0043.jpg 1 22 10 69 43
0146_0009_0030_0067_0041.jpg 1 9 30 67 41
0147_0013_0049_0052_0032.jpg 1 13 49 52 32
0148_0011_0007_0065_0040.jpg 1 11 7 65 40
0149_0043_0031_0050_0031.jpg 1 43 31 50 31
0150_0004_0047_0067_0042.jpg 1 4 47 67 42
0151_0030_0047_0065_0040.jpg 1 30 47 65 40
0152_0023_0043_0061_0038.jpg 1 23 43 61 38
0153_0009_0060_0049_0031.jpg 1 9 60 49 31
0154_0040_0048_0051_0032.jpg 1 40 48 51 32
0155_0043_0015_0050_0031.jpg 1 43 15 50 31
0156_0019_0036_0048_0030.jpg 1 19 36 48 30
0157_0020_0050_0054_0034.jpg 1 20 50 54 34
0158_0024_0031_0059_0037.jpg 1 24 31 59 37
0159_0020_0043_0049_0030.jpg 1 20 43 49 30
0160_0007_0034_0060_0037.jpg 1 7 34 60 37
0161_0006_0056_0057_0036.jpg 1 6 56 57 36
0162_0007_0058_0055_0034.jpg 1 7 58 55 34
0163_0020_0029_0066_0041.jpg 1 20 29 66 41
0164_0017_0015_0068_0042.jpg 1 17 15 68 42
0165_0029_0037_0065_0041.jpg 1 29 37 65 41
0166_0016_0042_0049_0031.jpg 1 16 42 49 31
0167_0018_0045_0054_0033.jpg 1 18 45 54 33
0168_0014_0022_0050_0031.jpg 1 14 22 50 31
0169_0009_0032_0066_0041.jpg 1 9 32 66 41
0170_0009_0044_0065_0040.jpg 1 9 44 65 40
0171_0021_0011_0049_0031.jpg 1 21 11 49 31
0172_0035_0023_0057_0035.jpg 1 35 23 57 35
0173_0032_0044_0049_0031.jpg 1 32 44 49 31
0174_0003_0040_0064_0040.jpg 1 3 40 64 40
0175_0011_0058_0055_0034.jpg 1 11 58 55 34
0176_0032_0049_0051_0032.jpg 1 32 49 51 32
0177_0031_0017_0048_0030.jpg 1 31 17 48 30
0178_0017_0019_0060_0038.jpg 1 17 19 60 38
0179_0016_0055_0059_0037.jpg 1 16 55 59 37
0180_0022_0006_0068_0042.jpg 1 22 6 68 42
0181_0028_0050_0065_0040.jpg 1 28 50 65 40
0182_0011_0050_0068_0042.jpg 1 11 50 68 42
0183_0031_0049_0062_0039.jpg 1 31 49 62 39
0184_0037_0023_0051_0032.jpg 1 37 23 51 32
0185_0004_0043_0068_0042.jpg 1 4 43 68 42
0186_0022_0023_0049_0030.jpg 1 22 23 49 30
0187_0037_0023_0057_0036.jpg 1 37 23 57 36
0188_0019_0012_0068_0042.jpg 1 19 12 68 42
0189_0009_0050_0053_0033.jpg 1 9 50 53 33
0190_0022_0017_0069_0043.jpg 1 22 17 69 43
0191_0007_0042_0069_0043.jpg 1 7 42 69 43
0192_0033_0046_0056_0035.jpg 1 33 46 56 35
0193_0042_0031_0052_0032.jpg 1 42 31 52 32
0194_0034_0041_0049_0030.jpg 1 34 41 49 30
0195_0004_0037_0060_0037.jpg 1 4 37 60 37
0196_0041_0057_0052_0032.jpg 1 41 57 52 32
0197_0020_0019_0058_0036.jpg 1 20 19 58 36
0198_0035_0020_0051_0032.jpg 1 35 20 51 32
0199_0006_0030_0057_0036.jpg 1 6 30 57 36
0200_0016_0041_0061_0038.jpg 1 16 41 61 38
0201_0008_0052_0049_0030.jpg 1 8 52 49 30
0202_0015_0019_0063_0039.jpg 1 15 19 63 39
0203_0016_0022_0068_0042.jpg 1 16 22 68 42
0204_0012_0025_0050_0031.jpg 1 12 25 50 31
0205_0016_0026_0049_0030.jpg 1 16 26 49 30
0206_0026_0021_0063_0039.jpg 1 26 21 63 39
0207_0018_0015_0056_0035.jpg 1 18 15 56 35
0208_0007_0014_0069_0043.jpg 1 7 14 69 43
0209_0005_0007_0060_0038.jpg 1 5 7 60 38
0210_0028_0031_0051_0032.jpg 1 28 31 51 32
0211_0017_0050_0054_0033.jpg 1 17 50 54 33
0212_0014_0036_0064_0040.jpg 1 14 36 64 40
0213_0006_0041_0067_0041.jpg 1 6 41 67 41
0214_0009_0034_0069_0043.jpg 1 9 34 69 43
0215_0036_0039_0057_0035.jpg 1 36 39 57 35
0216_0023_0049_0061_0038.jpg 1 23 49 61 38
0217_0009_0018_0056_0035.jpg 1 9 18 56 35
0218_0006_0039_0067_0042.jpg 1 6 39 67 42
0219_0010_0041_0058_0036.jpg 1 10 41 58 36
0220_0011_0032_0059_0037.jpg 1 11 32 59 37
0221_0005_0013_0056_0035.jpg 1 5 13 56 35
0222_0026_0023_0066_0041.jpg 1 26 23 66 41
0223_0029_0007_0048_0030.jpg 1 29 7 48 30
0224_0010_0021_0067_0041.jpg 1 10 21 67 41
0225_0036_0048_0054_0034.jpg 1 36 48 54 34
0226_0014_0014_0057_0035.jpg 1 14 14 57 35
0227_0028_0022_0067_0042.jpg 1 28 22 67 42
0228_0013_0046_0068_0042.jpg 1 13 46 68 42
0229_0008_0029_0061_0038.jpg 1 8 29 61 38
0230_0020_0011_0064_0040.jpg 1 20 11 64 40
0231_0035_0033_0053_0033.jpg 1 35 33 53 33
0232_0007_0008_0057_0035.jpg 1 7 8 57 35
0233_0021_0043_0067_0041.jpg 1 21 43 67 41
0234_0009_0055_0058_0036.jpg 1 9 55 58 36
0235_0029_0051_0064_0040.jpg 1 29 51 64 40
0236_0033_0019_0049_0030.jpg 1 33 19 49 30
0237_0010_0034_0068_0042.jpg 1 10 34 68 42
0238_0022_0048_0064_0040.jpg 1 22 48 64 40
0239_0022_0006_0065_0040.jpg 1 22 6 65 40
0240_0007_0053_0063_0039.jpg 1 7 53 63 39
0241_0022_0043_0062_0039.jpg 1 22 43 62 39
0242_0009_0024_0069_0043.jpg 1 9 24 69 43
0243_0013_0014_0058_0036.jpg 1 13 14 58 36
0244_0032_0028_0049_0030.jpg 1 32 28 49 30
0245_0015_0031_0056_0035.jpg 1 15 31 56 35
0246_0009_0006_0061_0038.jpg 1 9 6 61 38
0247_0006_0026_0059_0036.jpg 1 6 26 59 36
0248_0029_0030_0055_0034.jpg 1 29 30 55 34
0249_0028_0037_0059_0037.jpg 1 28 37 59 37
0250_0018_0009_0068_0043.jpg 1 18 9 68 43
0251_0018_0010_0049_0030.jpg 1 18 10 49 30
0252_0041_0055_0049_0030.jpg 1 41 55 49 30
0253_0030_0036_0060_0037.jpg 1 30 36 60 37
0254_0037_0059_0055_0034.jpg 1 37 59 55 34
0255_0009_0036_0051_0032.jpg 1 9 36 51 32
0256_0026_0043_0054_0033.jpg 1 26 43 54 33
