0001_0014_0047_0066_0041.jpg 1 14 47 66 41
0002_0019_0024_0049_0030.jpg 1 19 24 49 30
0003_0004_0044_0062_0039.jpg 1 4 44 62 39
0004_0022_0040_0054_0033.jpg 1 22 40 54 33
0005_0020_0052_0061_0038.jpg 1 20 52 61 38
0006_0005_0050_0067_0042.jpg 1 5 50 67 42
0007_0021_0015_0053_0033.jpg 1 21 15 53 33
0008_0025_0034_0063_0039.jpg 1 25 34 63 39
0009_0016_0022_0051_0031.jpg 1 16 22 51 31
0010_0032_0031_0055_0034.jpg 1 32 31 55 34
0011_0009_0042_0065_0041.jpg 1 9 42 65 41
0012_0028_0050_0062_0038.jpg 1 28 50 62 38
0013_0017_0008_0054_0034.jpg 1 17 8 54 34
0014_0030_0025_0053_0033.jpg 1 30 25 53 33
0015_0021_0054_0060_0037.jpg 1 21 54 60 37
0016_0004_0015_0065_0040.jpg 1 4 15 65 40
0017_0018_0008_0059_0036.jpg 1 18 8 59 36
0018_0034_0060_0050_0031.jpg 1 34 60 50 31
0019_0004_0042_0061_0038.jpg 1 4 42 61 38
0020_0009_0018_0049_0030.jpg 1 9 18 49 30
0021_0010_0052_0048_0030.jpg 1 10 52 48 30
0022_0023_0043_0059_0037.jpg 1 23 43 59 37
0023_0008_0047_0068_0043.jpg 1 8 47 68 43
0024_0016_0054_0051_0032.jpg 1 16 54 51 32
0025_0039_0025_0055_0034.jpg 1 39 25 55 34
0026_0037_0009_0049_0030.jpg 1 37 9 49 30
0027_0028_0019_0065_0041.jpg 1 28 19 65 41
0028_0018_0016_0065_0040.jpg 1 18 16 65 40
0029_0008_0024_0069_0043.jpg 1 8 24 69 43
0030_0005_0022_0052_0033.jpg 1 5 22 52 33
0031_0012_0047_0054_0034.jpg 1 12 47 54 34
0032_0030_0037_0059_0037.jpg 1 30 37 59 37
0033_0027_0050_0061_0038.jpg 1 27 50 61 38
0034_0029_0031_0061_0038.jpg 1 29 31 61 38
0035_0013_0049_0055_0034.jpg 1 13 49 55 34
0036_0028_0051_0061_0038.jpg 1 28 51 61 38
0037_0025_0055_0057_0035.jpg 1 25 55 57 35
0038_0033_0014_0059_0037.jpg 1 33 14 59 37
0039_0037_0044_0053_0033.jpg 1 37 44 53 33
0040_0017_0034_0058_0036.jpg 1 17 34 58 36
0041_0021_0041_0067_0042.jpg 1 21 41 67 42
0042_0029_0042_0048_0030.jpg 1 29 42 48 30
0043_0017_0051_0049_0030.jpg 1 17 51 49 30
0044_0021_0030_0063_0039.jpg 1 21 30 63 39
0045_0023_0032_0058_0036.jpg 1 23 32 58 36
0046_0031_0056_0057_0036.jpg 1 31 56 57 36
0047_0006_0031_0063_0039.jpg 1 6 31 63 39
0048_0004_0021_0059_0037.jpg 1 4 21 59 37
0049_0023_0055_0049_0031.jpg 1 23 55 49 31
0050_0017_0022_0052_0032.jpg 1 17 22 52 32
0051_0022_0026_0059_0037.jpg 1 22 26 59 37
0052_0018_0027_0053_0033.jpg 1 18 27 53 33
0053_0035_0033_0055_0034.jpg 1 35 33 55 34
0054_0033_0015_0058_0036.jpg 1 33 15 58 36
0055_0019_0047_0059_0037.jpg 1 19 47 59 37
0056_0011_0039_0062_0038.jpg 1 11 39 62 38
0057_0038_0051_0048_0030.jpg 1 38 51 48 30
0058_0006_0028_0068_0042.jpg 1 6 28 68 42
0059_0034_0032_0056_0035.jpg 1 34 32 56 35
0060_0004_0040_0059_0037.jpg 1 4 40 59 37
0061_0020_0013_0060_0037.jpg 1 20 13 60 37
0062_0026_0013_0063_0039.jpg 1 26 13 63 39
0063_0029_0032_0062_0039.jpg 1 29 32 62 39
0064_0012_0014_0062_0039.jpg 1 12 14 62 39
0065_0028_0036_0063_0039.jpg 1 28 36 63 39
0066_0022_0032_0067_0042.jpg 1 22 32 67 42
0067_0032_0006_0053_0033.jpg 1 32 6 53 33
0068_0006_0059_0048_0030.jpg 1 6 59 48 30
0069_0020_0034_0067_0041.jpg 1 20 34 67 41
0070_0008_0044_0064_0040.jpg 1 8 44 64 40
0071_0003_0007_0068_0042.jpg 1 3 7 68 42
0072_0014_0036_0064_0040.jpg 1 14 36 64 40
0073_0026_0031_0053_0033.jpg 1 26 31 53 33
0074_0006_0026_0064_0040.jpg 1 6 26 64 40
0075_0034_0019_0053_0033.jpg 1 34 19 53 33
0076_0028_0027_0068_0042.jpg 1 28 27 68 42
0077_0032_0046_0054_0033.jpg 1 32 46 54 33
0078_0023_0028_0061_0038.jpg 1 23 28 61 38
0079_0026_0038_0069_0043.jpg 1 26 38 69 43
0080_0029_0008_0061_0038.jpg 1 29 8 61 38
0081_0007_0026_0060_0037.jpg 1 7 26 60 37
0082_0010_0051_0056_0035.jpg 1 10 51 56 35
0083_0041_0053_0052_0032.jpg 1 41 53 52 32
0084_0029_0008_0052_0033.jpg 1 29 8 52 33
0085_0034_0050_0061_0038.jpg 1 34 50 61 38
0086_0014_0025_0048_0030.jpg 1 14 25 48 30
0087_0026_0049_0048_0030.jpg 1 26 49 48 30
0088_0017_0029_0052_0032.jpg 1 17 29 52 32
0089_0015_0021_0057_0035.jpg 1 15 21 57 35
0090_0009_0029_0050_0031.jpg 1 9 29 50 31
0091_0035_0038_0054_0034.jpg 1 35 38 54 34
0092_0038_0053_0048_0030.jpg 1 38 53 48 30
0093_0018_0052_0057_0036.jpg 1 18 52 57 36
0094_0010_0029_0058_0036.jpg 1 10 29 58 36
0095_0009_0022_0064_0040.jpg 1 9 22 64 40
0096_0019_0026_0065_0041.jpg 1 19 26 65 41
0097_0029_0028_0063_0039.jpg 1 29 28 63 39
0098_0025_0054_0052_0032.jpg 1 25 54 52 32
0099_0028_0032_0062_0039.jpg 1 28 32 62 39
0100_0029_0050_0067_0042.jpg 1 29 50 67 42
0101_0013_0058_0057_0035.jpg 1 13 58 57 35
0102_0026_0053_0053_0033.jpg 1 26 53 53 33
0103_0018_0011_0049_0030.jpg 1 18 11 49 30
0104_0008_0056_0049_0030.jpg 1 8 56 49 30
0105_0018_0015_0069_0043.jpg 1 18 15 69 43
0106_0017_0030_0068_0042.jpg 1 17 30 68 42
0107_0006_0012_0066_0041.jpg 1 6 12 66 41
0108_0026_0026_0064_0040.jpg 1 26 26 64 40
0109_0024_0061_0049_0030.jpg 1 24 61 49 30
0110_0019_0050_0052_0032.jpg 1 19 50 52 32
0111_0024_0045_0064_0040.jpg 1 24 45 64 40
0112_0010_0052_0062_0039.jpg 1 10 52 62 39
0113_0006_0030_0053_0033.jpg 1 6 30 53 33
0114_0004_0017_0062_0039.jpg 1 4 17 62 39
0115_0028_0051_0057_0035.jpg 1 28 51 57 35
0116_0018_0019_0056_0035.jpg 1 18 19 56 35
0117_0039_0010_0048_0030.jpg 1 39 10 48 30
0118_0005_0017_0064_0040.jpg 1 5 17 64 40
0119_0016_0020_0068_0042.jpg 1 16 20 68 42
0120_0018_0052_0059_0037.jpg 1 18 52 59 37
0121_0018_0009_0049_0031.jpg 1 18 9 49 31
0122_0015_0013_0062_0039.jpg 1 15 13 62 39
0123_0004_0051_0064_0040.jpg 1 4 51 64 40
0124_0026_0018_0064_0040.jpg 1 26 18 64 40
0125_0006_0044_0053_0033.jpg 1 6 44 53 33
0126_0005_0042_0063_0039.jpg 1 5 42 63 39
0127_0034_0026_0060_0038.jpg 1 34 26 60 38
0128_0007_0036_0066_0041.jpg 1 7 36 66 41
0129_0021_0031_0056_0035.jpg 1 21 31 56 35
0130_0017_0054_0058_0036.jpg 1 17 54 58 36
0131_0009_0012_0063_0039.jpg 1 9 12 63 39
0132_0010_0014_0059_0036.jpg 1 10 14 59 36
0133_0032_0048_0055_0034.jpg 1 32 48 55 34
0134_0023_0042_0062_0039.jpg 1 23 42 62 39
0135_0018_0047_0061_0038.jpg 1 18 47 61 38
0136_0023_0009_0056_0035.jpg 1 23 9 56 35
0137_0032_0050_0051_0032.jpg 1 32 50 51 32
0138_0033_0021_0055_0034.jpg 1 33 21 55 34
0139_0027_0015_0061_0038.jpg 1 27 15 61 38
0140_0016_0038_0060_0037.jpg 1 16 38 60 37
0141_0027_0042_0056_0035.jpg 1 27 42 56 35
0142_0040_0053_0053_0033.jpg 1 40 53 53 33
0143_0011_0023_0067_0042.jpg 1 11 23 67 42
0144_0029_0015_0064_0040.jpg 1 29 15 64 40
0145_0007_0007_0053_0033.jpg 1 7 7 53 33
0146_0025_0027_0063_0039.jpg 1 25 27 63 39
0147_0025_0029_0065_0040.jpg 1 25 29 65 40
0148_0032_0041_0049_0031.jpg 1 32 41 49 31
0149_0023_0042_0064_0040.jpg 1 23 42 64 40
0150_0030_0008_0064_0040.jpg 1 30 8 64 40
0151_0012_0050_0067_0042.jpg 1 12 50 67 42
0152_0031_0015_0059_0037.jpg 1 31 15 59 37
0153_0010_0048_0066_0041.jpg 1 10 48 66 41
0154_0038_0047_0054_0034.jpg 1 38 47 54 34
0155_0007_0019_0068_0042.jpg 1 7 19 68 42
0156_0017_0032_0056_0035.jpg 1 17 32 56 35
0157_0020_0035_0059_0037.jpg 1 20 35 59 37
0158_0014_0008_0052_0032.jpg 1 14 8 52 32
0159_0013_0045_0053_0033.jpg 1 13 45 53 33
0160_0006_0029_0066_0041.jpg 1 6 29 66 41
0161_0024_0044_0059_0037.jpg 1 24 44 59 37
0162_0022_0018_0066_0041.jpg 1 22 18 66 41
0163_0016_0052_0060_0037.jpg 1 16 52 60 37
0164_0022_0019_0069_0043.jpg 1 22 19 69 43
0165_0011_0027_0050_0031.jpg 1 11 27 50 31
0166_0027_0033_0066_0041.jpg 1 27 33 66 41
0167_0031_0029_0060_0038.jpg 1 31 29 60 38
0168_0010_0008_0068_0042.jpg 1 10 8 68 42
0169_0009_0048_0051_0031.jpg 1 9 48 51 31
0170_0018_0041_0054_0033.jpg 1 18 41 54 33
0171_0008_0029_0057_0036.jpg 1 8 29 57 36
0172_0033_0044_0057_0035.jpg 1 33 44 57 35
0173_0006_0044_0050_0031.jpg 1 6 44 50 31
0174_0008_0012_0069_0043.jpg 1 8 12 69 43
0175_0038_0024_0049_0031.jpg 1 38 24 49 31
0176_0004_0015_0065_0041.jpg 1 4 15 65 41
0177_0010_0051_0056_0035.jpg 1 10 51 56 35
0178_0030_0013_0056_0035.jpg 1 30 13 56 35
0179_0004_0046_0064_0040.jpg 1 4 46 64 40
0180_0026_0013_0069_0043.jpg 1 26 13 69 43
0181_0011_0017_0061_0038.jpg 1 11 17 61 38
0182_0023_0043_0063_0039.jpg 1 23 43 63 39
0183_0019_0034_0050_0031.jpg 1 19 34 50 31
0184_0009_0040_0060_0038.jpg 1 9 40 60 38
0185_0024_0060_0050_0031.jpg 1 24 60 50 31
0186_0012_0018_0068_0042.jpg 1 12 18 68 42
0187_0029_0019_0055_0034.jpg 1 29 19 55 34
0188_0032_0036_0053_0033.jpg 1 32 36 53 33
0189_0027_0046_0069_0043.jpg 1 27 46 69 43
0190_0024_0052_0054_0033.jpg 1 24 52 54 33
0191_0024_0025_0069_0043.jpg 1 24 25 69 43
0192_0016_0026_0051_0032.jpg 1 16 26 51 32
0193_0040_0040_0054_0034.jpg 1 40 40 54 34
0194_0015_0043_0069_0043.jpg 1 15 43 69 43
0195_0015_0010_0061_0038.jpg 1 15 10 61 38
0196_0019_0030_0049_0030.jpg 1 19 30 49 30
0197_0023_0040_0057_0035.jpg 1 23 40 57 35
0198_0006_0044_0055_0034.jpg 1 6 44 55 34
0199_0028_0023_0063_0039.jpg 1 28 23 63 39
0200_0032_0014_0063_0039.jpg 1 32 14 63 39
0201_0022_0048_0057_0036.jpg 1 22 48 57 36
0202_0027_0010_0063_0039.jpg 1 27 10 63 39
0203_0015_0007_0062_0038.jpg 1 15 7 62 38
0204_0029_0022_0059_0037.jpg 1 29 22 59 37
0205_0038_0022_0051_0032.jpg 1 38 22 51 32
0206_0020_0039_0065_0040.jpg 1 20 39 65 40
0207_0030_0057_0051_0032.jpg 1 30 57 51 32
0208_0031_0041_0063_0039.jpg 1 31 41 63 39
0209_0011_0015_0055_0034.jpg 1 11 15 55 34
0210_0012_0039_0062_0038.jpg 1 12 39 62 38
0211_0020_0050_0069_0043.jpg 1 20 50 69 43
0212_0036_0062_0048_0030.jpg 1 36 62 48 30
0213_0011_0017_0060_0038.jpg 1 11 17 60 38
0214_0014_0036_0059_0037.jpg 1 14 36 59 37
0215_0005_0025_0068_0042.jpg 1 5 25 68 42
0216_0027_0030_0049_0031.jpg 1 27 30 49 31
0217_0031_0035_0059_0037.jpg 1 31 35 59 37
0218_0025_0053_0061_0038.jpg 1 25 53 61 38
0219_0021_0026_0053_0033.jpg 1 21 26 53 33
0220_0039_0013_0055_0034.jpg 1 39 13 55 34
0221_0034_0016_0051_0032.jpg 1 34 16 51 32
0222_0010_0038_0049_0030.jpg 1 10 38 49 30
0223_0026_0014_0063_0039.jpg 1 26 14 63 39
0224_0023_0007_0065_0041.jpg 1 23 7 65 41
0225_0017_0020_0051_0032.jpg 1 17 20 51 32
0226_0029_0048_0067_0042.jpg 1 29 48 67 42
0227_0006_0029_0063_0039.jpg 1 6 29 63 39
0228_0036_0021_0059_0037.jpg 1 36 21 59 37
0229_0007_0016_0069_0043.jpg 1 7 16 69 43
0230_0010_0014_0058_0036.jpg 1 10 14 58 36
0231_0037_0050_0055_0034.jpg 1 37 50 55 34
0232_0014_0009_0060_0037.jpg 1 14 9 60 37
0233_0025_0033_0064_0040.jpg 1 25 33 64 40
0234_0004_0028_0065_0041.jpg 1 4 28 65 41
0235_0034_0012_0050_0031.jpg 1 34 12 50 31
0236_0030_0040_0056_0035.jpg 1 30 40 56 35
0237_0037_0010_0052_0032.jpg 1 37 10 52 32
0238_0004_0051_0068_0042.jpg 1 4 51 68 42
0239_0025_0016_0063_0039.jpg 1 25 16 63 39
0240_0015_0028_0051_0032.jpg 1 15 28 51 32
0241_0016_0045_0052_0032.jpg 1 16 45 52 32
0242_0021_0033_0063_0039.jpg 1 21 33 63 39
0243_0010_0024_0049_0031.jpg 1 10 24 49 31
0244_0020_0013_0057_0036.jpg 1 20 13 57 36
0245_0020_0009_0053_0033.jpg 1 20 9 53 33
0246_0024_0007_0061_0038.jpg 1 24 7 61 38
0247_0009_0008_0061_0038.jpg 1 9 8 61 38
0248_0015_0031_0064_0040.jpg 1 15 31 64 40
0249_0018_0050_0065_0041.jpg 1 18 50 65 41
0250_0039_0029_0048_0030.jpg 1 39 29 48 30
0251_0018_0033_0057_0035.jpg 1 18 33 57 35
0252_0036_0037_0051_0032.jpg 1 36 37 51 32
0253_0045_0033_0048_0030.jpg 1 45 33 48 30
0254_0017_0018_0060_0037.jpg 1 17 18 60 37
0255_0006_0008_0063_0039.jpg 1 6 8 63 39
0256_0019_0011_0056_0035.jpg 1 19 11 56 35
