0001_0011_0025_0057_0036.jpg 1 11 25 57 36
0002_0020_0042_0060_0037.jpg 1 20 42 60 37
0003_0021_0024_0067_0041.jpg 1 21 24 67 41
0004_0029_0030_0057_0035.jpg 1 29 30 57 35
0005_0022_0024_0061_0038.jpg 1 22 24 61 38
0006_0018_0012_0055_0034.jpg 1 18 12 55 34
0007_0014_0010_0068_0042.jpg 1 14 10 68 42
0008_0044_0054_0050_0031.jpg 1 44 54 50 31
0009_0027_0049_0068_0042.jpg 1 27 49 68 42
0010_0010_0013_0063_0039.jpg 1 10 13 63 39
0011_0017_0059_0053_0033.jpg 1 17 59 53 33
0012_0024_0017_0066_0041.jpg 1 24 17 66 41
0013_0027_0006_0069_0043.jpg 1 27 6 69 43
0014_0039_0039_0051_0032.jpg 1 39 39 51 32
0015_0014_0032_0055_0034.jpg 1 14 32 55 34
0016_0009_0053_0062_0039.jpg 1 9 53 62 39
0017_0012_0056_0059_0037.jpg 1 12 56 59 37
0018_0038_0052_0051_0032.jpg 1 38 52 51 32
0019_0025_0041_0057_0035.jpg 1 25 41 57 35
0020_0024_0011_0063_0039.jpg 1 24 11 63 39
0021_0019_0033_0065_0040.jpg 1 19 33 65 40
0022_0024_0015_0058_0036.jpg 1 24 15 58 36
0023_0033_0050_0057_0035.jpg 1 33 50 57 35
0024_0026_0045_0067_0042.jpg 1 26 45 67 42
0025_0011_0049_0058_0036.jpg 1 11 49 58 36
0026_0027_0030_0067_0042.jpg 1 27 30 67 42
0027_0019_0025_0057_0036.jpg 1 19 25 57 36
0028_0019_0035_0069_0043.jpg 1 19 35 69 43
0029_0037_0056_0057_0035.jpg 1 37 56 57 35
0030_0009_0049_0056_0035.jpg 1 9 49 56 35
0031_0037_0010_0055_0034.jpg 1 37 10 55 34
0032_0008_0010_0056_0035.jpg 1 8 10 56 35
0033_0009_0037_0063_0039.jpg 1 9 37 63 39
0034_0018_0045_0059_0037.jpg 1 18 45 59 37
0035_0020_0032_0055_0034.jpg 1 20 32 55 34
0036_0035_0040_0050_0031.jpg 1 35 40 50 31
0037_0028_0055_0052_0032.jpg 1 28 55 52 32
0038_0033_0035_0051_0032.jpg 1 33 35 51 32
0039_0024_0042_0057_0036.jpg 1 24 42 57 36
0040_0005_0007_0055_0034.jpg 1 5 7 55 34
0041_0037_0017_0050_0031.jpg 1 37 17 50 31
0042_0008_0055_0054_0033.jpg 1 8 55 54 33
0043_0015_0051_0059_0036.jpg 1 15 51 59 36
0044_0039_0050_0054_0034.jpg 1 39 50 54 34
0045_0006_0060_0048_0030.jpg 1 6 60 48 30
0046_0011_0023_0053_0033.jpg 1 11 23 53 33
0047_0019_0019_0066_0041.jpg 1 19 19 66 41
0048_0012_0031_0068_0042.jpg 1 12 31 68 42
0049_0023_0053_0057_0036.jpg 1 23 53 57 36
0050_0018_0051_0068_0042.jpg 1 18 51 68 42
0051_0009_0015_0057_0035.jpg 1 9 15 57 35
0052_0017_0030_0054_0034.jpg 1 17 30 54 34
0053_0008_0010_0064_0040.jpg 1 8 10 64 40
0054_0011_0011_0068_0042.jpg 1 11 11 68 42
0055_0040_0056_0054_0034.jpg 1 40 56 54 34
0056_0008_0014_0061_0038.jpg 1 8 14 61 38
0057_0034_0026_0050_0031.jpg 1 34 26 50 31
0058_0035_0008_0057_0035.jpg 1 35 8 57 35
0059_0016_0036_0061_0038.jpg 1 16 36 61 38
0060_0023_0006_0054_0033.jpg 1 23 6 54 33
0061_0030_0015_0052_0033.jpg 1 30 15 52 33
0062_0025_0039_0056_0035.jpg 1 25 39 56 35
0063_0004_0028_0065_0040.jpg 1 4 28 65 40
0064_0015_0042_0069_0043.jpg 1 15 42 69 43
0065_0038_0056_0057_0035.jpg 1 38 56 57 35
0066_0031_0007_0064_0040.jpg 1 31 7 64 40
0067_0013_0019_0069_0043.jpg 1 13 19 69 43
0068_0004_0036_0059_0036.jpg 1 4 36 59 36
0069_0016_0027_0068_0042.jpg 1 16 27 68 42
0070_0011_0047_0059_0037.jpg 1 11 47 59 37
0071_0023_0024_0068_0042.jpg 1 23 24 68 42
0072_0021_0034_0061_0038.jpg 1 21 34 61 38
0073_0017_0011_0069_0043.jpg 1 17 11 69 43
0074_0029_0026_0050_0031.jpg 1 29 26 50 31
0075_0028_0015_0068_0042.jpg 1 28 15 68 42
0076_0013_0017_0049_0031.jpg 1 13 17 49 31
0077_0034_0033_0052_0032.jpg 1 34 33 52 32
0078_0040_0013_0049_0030.jpg 1 40 13 49 30
0079_0016_0016_0052_0032.jpg 1 16 16 52 32
0080_0034_0009_0061_0038.jpg 1 34 9 61 38
0081_0014_0052_0053_0033.jpg 1 14 52 53 33
0082_0011_0022_0068_0042.jpg 1 11 22 68 42
0083_0010_0018_0068_0042.jpg 1 10 18 68 42
0084_0036_0032_0049_0030.jpg 1 36 32 49 30
0085_0016_0013_0056_0035.jpg 1 16 13 56 35
0086_0014_0048_0067_0042.jpg 1 14 48 67 42
0087_0007_0045_0066_0041.jpg 1 7 45 66 41
0088_0035_0020_0058_0036.jpg 1 35 20 58 36
0089_0015_0014_0052_0032.jpg 1 15 14 52 32
0090_0009_0012_0060_0037.jpg 1 9 12 60 37
0091_0004_0049_0061_0038.jpg 1 4 49 61 38
0092_0028_0012_0067_0041.jpg 1 28 12 67 41
0093_0007_0036_0061_0038.jpg 1 7 36 61 38
0094_0005_0048_0064_0040.jpg 1 5 48 64 40
0095_0036_0032_0055_0034.jpg 1 36 32 55 34
0096_0026_0015_0062_0038.jpg 1 26 15 62 38
0097_0008_0021_0067_0042.jpg 1 8 21 67 42
0098_0029_0045_0064_0040.jpg 1 29 45 64 40
0099_0025_0032_0053_0033.jpg 1 25 32 53 33
0100_0041_0050_0049_0030.jpg 1 41 50 49 30
0101_0028_0046_0060_0037.jpg 1 28 46 60 37
0102_0007_0020_0068_0042.jpg 1 7 20 68 42
0103_0014_0020_0069_0043.jpg 1 14 20 69 43
0104_0025_0032_0059_0037.jpg 1 25 32 59 37
0105_0025_0024_0065_0040.jpg 1 25 24 65 40
0106_0026_0047_0058_0036.jpg 1 26 47 58 36
0107_0032_0007_0055_0034.jpg 1 32 7 55 34
0108_0016_0039_0069_0043.jpg 1 16 39 69 43
0109_0019_0040_0052_0032.jpg 1 19 40 52 32
0110_0024_0010_0059_0037.jpg 1 24 10 59 37
0111_0031_0058_0052_0032.jpg 1 31 58 52 32
0112_0026_0033_0064_0040.jpg 1 26 33 64 40
0113_0016_0051_0053_0033.jpg 1 16 51 53 33
0114_0013_0011_0060_0037.jpg 1 13 11 60 37
0115_0021_0046_0049_0030.jpg 1 21 46 49 30
0116_0026_0041_0056_0035.jpg 1 26 41 56 35
0117_0029_0032_0067_0042.jpg 1 29 32 67 42
0118_0015_0037_0068_0042.jpg 1 15 37 68 42
0119_0007_0034_0055_0034.jpg 1 7 34 55 34
0120_0035_0007_0057_0035.jpg 1 35 7 57 35
0121_0016_0040_0061_0038.jpg 1 16 40 61 38
0122_0021_0047_0066_0041.jpg 1 21 47 66 41
0123_0025_0010_0068_0043.jpg 1 25 10 68 43
0124_0017_0049_0053_0033.jpg 1 17 49 53 33
0125_0029_0006_0066_0041.jpg 1 29 6 66 41
0126_0028_0053_0061_0038.jpg 1 28 53 61 38
0127_0011_0021_0054_0034.jpg 1 11 21 54 34
0128_0007_0022_0051_0032.jpg 1 7 22 51 32
0129_0014_0031_0066_0041.jpg 1 14 31 66 41
0130_0035_0024_0053_0033.jpg 1 35 24 53 33
0131_0035_0052_0056_0035.jpg 1 35 52 56 35
0132_0021_0025_0065_0041.jpg 1 21 25 65 41
0133_0037_0042_0056_0035.jpg 1 37 42 56 35
0134_0044_0043_0050_0031.jpg 1 44 43 50 31
0135_0028_0052_0057_0036.jpg 1 28 52 57 36
0136_0043_0017_0050_0031.jpg 1 43 17 50 31
0137_0016_0010_0054_0034.jpg 1 16 10 54 34
0138_0006_0012_0056_0035.jpg 1 6 12 56 35
0139_0017_0046_0069_0043.jpg 1 17 46 69 43
0140_0016_0012_0058_0036.jpg 1 16 12 58 36
0141_0009_0026_0060_0037.jpg 1 9 26 60 37
0142_0036_0037_0048_0030.jpg 1 36 37 48 30
0143_0013_0027_0048_0030.jpg 1 13 27 48 30
0144_0013_0052_0065_0041.jpg 1 13 52 65 41
0145_0005_0028_0050_0031.jpg 1 5 28 50 31
0146_0025_0023_0067_0041.jpg 1 25 23 67 41
0147_0021_0008_0068_0042.jpg 1 21 8 68 42
0148_0004_0041_0063_0039.jpg 1 4 41 63 39
0149_0022_0024_0067_0042.jpg 1 22 24 67 42
0150_0016_0023_0060_0037.jpg 1 16 23 60 37
0151_0007_0043_0053_0033.jpg 1 7 43 53 33
0152_0032_0029_0054_0034.jpg 1 32 29 54 34
0153_0009_0034_0056_0035.jpg 1 9 34 56 35
0154_0022_0049_0050_0031.jpg 1 22 49 50 31
0155_0019_0019_0055_0034.jpg 1 19 19 55 34
0156_0025_0017_0054_0033.jpg 1 25 17 54 33
0157_0032_0044_0057_0035.jpg 1 32 44 57 35
0158_0033_0049_0051_0032.jpg 1 33 49 51 32
0159_0018_0030_0063_0039.jpg 1 18 30 63 39
0160_0025_0016_0060_0037.jpg 1 25 16 60 37
0161_0034_0054_0053_0033.jpg 1 34 54 53 33
0162_0018_0041_0049_0031.jpg 1 18 41 49 31
0163_0025_0016_0050_0031.jpg 1 25 16 50 31
0164_0012_0050_0062_0038.jpg 1 12 50 62 38
0165_0028_0023_0061_0038.jpg 1 28 23 61 38
0166_0007_0023_0048_0030.jpg 1 7 23 48 30
0167_0016_0059_0049_0031.jpg 1 16 59 49 31
0168_0009_0012_0057_0036.jpg 1 9 12 57 36
0169_0028_0049_0067_0042.jpg 1 28 49 67 42
0170_0034_0048_0052_0033.jpg 1 34 48 52 33
0171_0005_0008_0069_0043.jpg 1 5 8 69 43
0172_0005_0042_0059_0037.jpg 1 5 42 59 37
0173_0012_0017_0069_0043.jpg 1 12 17 69 43
0174_0024_0041_0050_0031.jpg 1 24 41 50 31
0175_0003_0048_0066_0041.jpg 1 3 48 66 41
0176_0009_0035_0057_0036.jpg 1 9 35 57 36
0177_0011_0007_0062_0038.jpg 1 11 7 62 38
0178_0031_0020_0058_0036.jpg 1 31 20 58 36
0179_0016_0012_0069_0043.jpg 1 16 12 69 43
0180_0023_0022_0063_0039.jpg 1 23 22 63 39
0181_0035_0051_0059_0037.jpg 1 35 51 59 37
0182_0023_0019_0061_0038.jpg 1 23 19 61 38
0183_0023_0023_0055_0034.jpg 1 23 23 55 34
0184_0013_0046_0050_0031.jpg 1 13 46 50 31
0185_0022_0019_0049_0030.jpg 1 22 19 49 30
0186_0012_0020_0064_0040.jpg 1 12 20 64 40
0187_0014_0059_0048_0030.jpg 1 14 59 48 30
0188_0031_0044_0056_0035.jpg 1 31 44 56 35
0189_0009_0049_0065_0040.jpg 1 9 49 65 40
0190_0006_0026_0066_0041.jpg 1 6 26 66 41
0191_0022_0032_0063_0039.jpg 1 22 32 63 39
0192_0032_0011_0058_0036.jpg 1 32 11 58 36
0193_0030_0035_0063_0039.jpg 1 30 35 63 39
0194_0037_0025_0050_0031.jpg 1 37 25 50 31
0195_0009_0011_0066_0041.jpg 1 9 11 66 41
0196_0007_0055_0057_0036.jpg 1 7 55 57 36
0197_0013_0050_0069_0043.jpg 1 13 50 69 43
0198_0023_0012_0052_0032.jpg 1 23 12 52 32
0199_0019_0038_0066_0041.jpg 1 19 38 66 41
0200_0018_0014_0064_0040.jpg 1 18 14 64 40
0201_0019_0018_0064_0040.jpg 1 19 18 64 40
0202_0009_0024_0068_0042.jpg 1 9 24 68 42
0203_0014_0007_0050_0031.jpg 1 14 7 50 31
0204_0014_0032_0069_0043.jpg 1 14 32 69 43
0205_0013_0034_0065_0041.jpg 1 13 34 65 41
0206_0010_0007_0052_0033.jpg 1 10 7 52 33
0207_0011_0011_0059_0037.jpg 1 11 11 59 37
0208_0016_0045_0060_0037.jpg 1 16 45 60 37
0209_0005_0052_0051_0032.jpg 1 5 52 51 32
0210_0020_0055_0053_0033.jpg 1 20 55 53 33
0211_0034_0054_0058_0036.jpg 1 34 54 58 36
0212_0013_0010_0054_0033.jpg 1 13 10 54 33
0213_0005_0012_0066_0041.jpg 1 5 12 66 41
0214_0017_0027_0067_0042.jpg 1 17 27 67 42
0215_0015_0017_0068_0043.jpg 1 15 17 68 43
0216_0028_0019_0065_0041.jpg 1 28 19 65 41
0217_0020_0025_0065_0040.jpg 1 20 25 65 40
0218_0006_0051_0059_0036.jpg 1 6 51 59 36
0219_0016_0036_0058_0036.jpg 1 16 36 58 36
0220_0031_0012_0049_0031.jpg 1 31 12 49 31
0221_0023_0039_0060_0037.jpg 1 23 39 60 37
0222_0008_0044_0069_0043.jpg 1 8 44 69 43
0223_0015_0016_0055_0034.jpg 1 15 16 55 34
0224_0006_0056_0058_0036.jpg 1 6 56 58 36
0225_0028_0025_0065_0041.jpg 1 28 25 65 41
0226_0021_0022_0069_0043.jpg 1 21 22 69 43
0227_0022_0006_0066_0041.jpg 1 22 6 66 41
0228_0009_0025_0058_0036.jpg 1 9 25 58 36
0229_0045_0062_0048_0030.jpg 1 45 62 48 30
0230_0018_0031_0051_0032.jpg 1 18 31 51 32
0231_0024_0049_0052_0033.jpg 1 24 49 52 33
0232_0009_0045_0051_0032.jpg 1 9 45 51 32
0233_0043_0011_0051_0031.jpg 1 43 11 51 31
0234_0028_0020_0068_0042.jpg 1 28 20 68 42
0235_0032_0029_0051_0032.jpg 1 32 29 51 32
0236_0037_0051_0054_0033.jpg 1 37 51 54 33
0237_0034_0036_0053_0033.jpg 1 34 36 53 33
0238_0030_0051_0054_0033.jpg 1 30 51 54 33
0239_0004_0034_0069_0043.jpg 1 4 34 69 43
0240_0035_0036_0056_0035.jpg 1 35 36 56 35
0241_0019_0042_0067_0042.jpg 1 19 42 67 42
0242_0027_0051_0053_0033.jpg 1 27 51 53 33
0243_0011_0026_0069_0043.jpg 1 11 26 69 43
0244_0012_0036_0054_0034.jpg 1 12 36 54 34
0245_0045_0033_0048_0030.jpg 1 45 33 48 30
0246_0015_0024_0051_0032.jpg 1 15 24 51 32
0247_0020_0005_0067_0042.jpg 1 20 5 67 42
0248_0004_0013_0068_0042.jpg 1 4 13 68 42
0249_0020_0052_0049_0030.jpg 1 20 52 49 30
0250_0009_0029_0068_0042.jpg 1 9 29 68 42
0251_0040_0027_0050_0031.jpg 1 40 27 50 31
0252_0015_0009_0064_0040.jpg 1 15 9 64 40
0253_0014_0037_0061_0038.jpg 1 14 37 61 38
0254_0026_0022_0066_0041.jpg 1 26 22 66 41
0255_0030_0006_0062_0039.jpg 1 30 6 62 39
0256_0022_0054_0063_0039.jpg 1 22 54 63 39
