0001_0034_0017_0056_0035.jpg 1 34 17 56 35
0002_0040_0020_0052_0032.jpg 1 40 20 52 32
0003_0012_0047_0050_0031.jpg 1 12 47 50 31
0004_0013_0023_0048_0030.jpg 1 13 23 48 30
0005_0026_0031_0067_0042.jpg 1 26 31 67 42
0006_0028_0015_0064_0040.jpg 1 28 15 64 40
0007_0028_0021_0061_0038.jpg 1 28 21 61 38
0008_0006_0051_0061_0038.jpg 1 6 51 61 38
0009_0017_0014_0061_0038.jpg 1 17 14 61 38
0010_0016_0053_0062_0038.jpg 1 16 53 62 38
0011_0006_0050_0066_0041.jpg 1 6 50 66 41
0012_0022_0016_0067_0042.jpg 1 22 16 67 42
0013_0028_0042_0068_0042.jpg 1 28 42 68 42
0014_0014_0050_0065_0040.jpg 1 14 50 65 40
0015_0007_0037_0062_0038.jpg 1 7 37 62 38
0016_0025_0045_0059_0037.jpg 1 25 45 59 37
0017_0020_0037_0054_0033.jpg 1 20 37 54 33
0018_0014_0020_0052_0032.jpg 1 14 20 52 32
0019_0010_0014_0067_0041.jpg 1 10 14 67 41
0020_0011_0053_0063_0039.jpg 1 11 53 63 39
0021_0022_0035_0063_0039.jpg 1 22 35 63 39
0022_0015_0013_0058_0036.jpg 1 15 13 58 36
0023_0024_0052_0068_0042.jpg 1 24 52 68 42
0024_0013_0046_0062_0039.jpg 1 13 46 62 39
0025_0023_0045_0048_0030.jpg 1 23 45 48 30
0026_0036_0029_0059_0037.jpg 1 36 29 59 37
0027_0007_0020_0069_0043.jpg 1 7 20 69 43
0028_0013_0017_0051_0032.jpg 1 13 17 51 32
0029_0010_0034_0052_0032.jpg 1 10 34 52 32
0030_0030_0030_0049_0031.jpg 1 30 30 49 31
0031_0022_0033_0061_0038.jpg 1 22 33 61 38
0032_0032_0032_0056_0035.jpg 1 32 32 56 35
0033_0009_0041_0066_0041.jpg 1 9 41 66 41
0034_0008_0054_0061_0038.jpg 1 8 54 61 38
0035_0043_0012_0049_0030.jpg 1 43 12 49 30
0036_0033_0047_0051_0031.jpg 1 33 47 51 31
0037_0010_0038_0069_0043.jpg 1 10 38 69 43
0038_0027_0042_0064_0040.jpg 1 27 42 64 40
0039_0017_0029_0049_0031.jpg 1 17 29 49 31
0040_0005_0019_0058_0036.jpg 1 5 19 58 36
0041_0003_0052_0065_0040.jpg 1 3 52 65 40
0042_0027_0031_0069_0043.jpg 1 27 31 69 43
0043_0030_0038_0065_0040.jpg 1 30 38 65 40
0044_0024_0048_0054_0034.jpg 1 24 48 54 34
0045_0036_0023_0057_0035.jpg 1 36 23 57 35
0046_0023_0007_0062_0038.jpg 1 23 7 62 38
0047_0009_0032_0051_0032.jpg 1 9 32 51 32
0048_0010_0037_0067_0042.jpg 1 10 37 67 42
0049_0017_0007_0062_0039.jpg 1 17 7 62 39
0050_0034_0027_0048_0030.jpg 1 34 27 48 30
0051_0036_0022_0054_0033.jpg 1 36 22 54 33
0052_0030_0007_0054_0034.jpg 1 30 7 54 34
0053_0021_0016_0057_0036.jpg 1 21 16 57 36
0054_0019_0056_0052_0032.jpg 1 19 56 52 32
0055_0026_0055_0059_0037.jpg 1 26 55 59 37
0056_0030_0026_0055_0034.jpg 1 30 26 55 34
0057_0013_0037_0064_0040.jpg 1 13 37 64 40
0058_0009_0046_0067_0042.jpg 1 9 46 67 42
0059_0030_0058_0048_0030.jpg 1 30 58 48 30
0060_0034_0032_0048_0030.jpg 1 34 32 48 30
0061_0008_0038_0069_0043.jpg 1 8 38 69 43
0062_0004_0018_0065_0041.jpg 1 4 18 65 41
0063_0031_0015_0055_0034.jpg 1 31 15 55 34
0064_0021_0009_0059_0037.jpg 1 21 9 59 37
0065_0009_0055_0058_0036.jpg 1 9 55 58 36
0066_0017_0035_0060_0037.jpg 1 17 35 60 37
0067_0003_0033_0066_0041.jpg 1 3 33 66 41
0068_0019_0024_0054_0033.jpg 1 19 24 54 33
0069_0012_0054_0058_0036.jpg 1 12 54 58 36
0070_0013_0027_0060_0037.jpg 1 13 27 60 37
0071_0037_0016_0053_0033.jpg 1 37 16 53 33
0072_0037_0013_0052_0032.jpg 1 37 13 52 32
0073_0025_0050_0067_0042.jpg 1 25 50 67 42
0074_0030_0007_0052_0032.jpg 1 30 7 52 32
0075_0009_0017_0068_0042.jpg 1 9 17 68 42
0076_0027_0034_0067_0041.jpg 1 27 34 67 41
0077_0026_0007_0060_0037.jpg 1 26 7 60 37
0078_0030_0039_0061_0038.jpg 1 30 39 61 38
0079_0006_0032_0060_0037.jpg 1 6 32 60 37
0080_0005_0026_0061_0038.jpg 1 5 26 61 38
0081_0006_0035_0067_0042.jpg 1 6 35 67 42
0082_0035_0018_0054_0033.jpg 1 35 18 54 33
0083_0005_0053_0062_0038.jpg 1 5 53 62 38
0084_0007_0045_0052_0032.jpg 1 7 45 52 32
0085_0030_0060_0051_0031.jpg 1 30 60 51 31
0086_0006_0036_0053_0033.jpg 1 6 36 53 33
0087_0021_0031_0068_0042.jpg 1 21 31 68 42
0088_0040_0043_0048_0030.jpg 1 40 43 48 30
0089_0031_0051_0055_0034.jpg 1 31 51 55 34
0090_0023_0026_0060_0037.jpg 1 23 26 60 37
0091_0019_0039_0048_0030.jpg 1 19 39 48 30
0092_0010_0048_0067_0041.jpg 1 10 48 67 41
0093_0036_0034_0055_0034.jpg 1 36 34 55 34
0094_0019_0056_0059_0037.jpg 1 19 56 59 37
0095_0009_0041_0054_0034.jpg 1 9 41 54 34
0096_0023_0046_0062_0038.jpg 1 23 46 62 38
0097_0006_0040_0064_0040.jpg 1 6 40 64 40
0098_0016_0041_0066_0041.jpg 1 16 41 66 41
0099_0005_0040_0060_0037.jpg 1 5 40 60 37
0100_0025_0025_0048_0030.jpg 1 25 25 48 30
0101_0031_0045_0063_0039.jpg 1 31 45 63 39
0102_0031_0006_0063_0039.jpg 1 31 6 63 39
0103_0014_0009_0062_0039.jpg 1 14 9 62 39
0104_0018_0006_0062_0039.jpg 1 18 6 62 39
0105_0008_0008_0064_0040.jpg 1 8 8 64 40
0106_0046_0058_0048_0030.jpg 1 46 58 48 30
0107_0009_0020_0065_0040.jpg 1 9 20 65 40
0108_0032_0041_0063_0039.jpg 1 32 41 63 39
0109_0031_0023_0051_0032.jpg 1 31 23 51 32
0110_0023_0015_0049_0030.jpg 1 23 15 49 30
0111_0008_0017_0060_0037.jpg 1 8 17 60 37
0112_0038_0032_0049_0031.jpg 1 38 32 49 31
0113_0019_0027_0069_0043.jpg 1 19 27 69 43
0114_0025_0019_0064_0040.jpg 1 25 19 64 40
0115_0025_0048_0069_0043.jpg 1 25 48 69 43
0116_0007_0009_0061_0038.jpg 1 7 9 61 38
0117_0007_0014_0062_0039.jpg 1 7 14 62 39
0118_0013_0052_0048_0030.jpg 1 13 52 48 30
0119_0009_0041_0069_0043.jpg 1 9 41 69 43
0120_0041_0013_0054_0034.jpg 1 41 13 54 34
0121_0011_0018_0051_0032.jpg 1 11 18 51 32
0122_0028_0032_0048_0030.jpg 1 28 32 48 30
0123_0008_0019_0054_0033.jpg 1 8 19 54 33
0124_0004_0030_0068_0042.jpg 1 4 30 68 42
0125_0025_0014_0066_0041.jpg 1 25 14 66 41
0126_0006_0009_0067_0042.jpg 1 6 9 67 42
0127_0031_0019_0063_0039.jpg 1 31 19 63 39
0128_0007_0037_0065_0040.jpg 1 7 37 65 40
0129_0028_0041_0062_0039.jpg 1 28 41 62 39
0130_0022_0008_0056_0035.jpg 1 22 8 56 35
0131_0026_0043_0063_0039.jpg 1 26 43 63 39
0132_0023_0037_0050_0031.jpg 1 23 37 50 31
0133_0038_0050_0055_0034.jpg 1 38 50 55 34
0134_0033_0038_0053_0033.jpg 1 33 38 53 33
0135_0040_0058_0050_0031.jpg 1 40 58 50 31
0136_0027_0020_0062_0039.jpg 1 27 20 62 39
0137_0029_0031_0060_0037.jpg 1 29 31 60 37
0138_0021_0020_0069_0043.jpg 1 21 20 69 43
0139_0004_0051_0058_0036.jpg 1 4 51 58 36
0140_0039_0055_0050_0031.jpg 1 39 55 50 31
0141_0021_0011_0057_0035.jpg 1 21 11 57 35
0142_0039_0031_0048_0030.jpg 1 39 31 48 30
0143_0030_0032_0055_0034.jpg 1 30 32 55 34
0144_0034_0021_0052_0032.jpg 1 34 21 52 32
0145_0021_0043_0060_0037.jpg 1 21 43 60 37
0146_0024_0024_0065_0040.jpg 1 24 24 65 40
0147_0039_0021_0050_0031.jpg 1 39 21 50 31
0148_0016_0024_0063_0039.jpg 1 16 24 63 39
0149_0007_0021_0068_0042.jpg 1 7 21 68 42
0150_0021_0042_0061_0038.jpg 1 21 42 61 38
0151_0024_0019_0066_0041.jpg 1 24 19 66 41
0152_0032_0034_0048_0030.jpg 1 32 34 48 30
0153_0028_0013_0065_0041.jpg 1 28 13 65 41
0154_0009_0021_0066_0041.jpg 1 9 21 66 41
0155_0006_0034_0050_0031.jpg 1 6 34 50 31
0156_0036_0034_0052_0032.jpg 1 36 34 52 32
0157_0014_0008_0056_0035.jpg 1 14 8 56 35
0158_0029_0026_0053_0033.jpg 1 29 26 53 33
0159_0022_0007_0056_0035.jpg 1 22 7 56 35
0160_0017_0006_0069_0043.jpg 1 17 6 69 43
0161_0013_0039_0062_0039.jpg 1 13 39 62 39
0162_0020_0015_0058_0036.jpg 1 20 15 58 36
0163_0016_0049_0068_0042.jpg 1 16 49 68 42
0164_0013_0042_0057_0035.jpg 1 13 42 57 35
0165_0020_0028_0067_0042.jpg 1 20 28 67 42
0166_0006_0011_0056_0035.jpg 1 6 11 56 35
0167_0005_0037_0053_0033.jpg 1 5 37 53 33
0168_0021_0049_0064_0040.jpg 1 21 49 64 40
0169_0017_0054_0054_0034.jpg 1 17 54 54 34
0170_0040_0031_0049_0030.jpg 1 40 31 49 30
0171_0013_0032_0064_0040.jpg 1 13 32 64 40
0172_0023_0051_0053_0033.jpg 1 23 51 53 33
0173_0012_0021_0053_0033.jpg 1 12 21 53 33
0174_0010_0056_0048_0030.jpg 1 10 56 48 30
0175_0004_0009_0062_0039.jpg 1 4 9 62 39
0176_0011_0020_0049_0030.jpg 1 11 20 49 30
0177_0027_0028_0069_0043.jpg 1 27 28 69 43
0178_0031_0047_0055_0034.jpg 1 31 47 55 34
0179_0036_0021_0058_0036.jpg 1 36 21 58 36
0180_0008_0048_0066_0041.jpg 1 8 48 66 41
0181_0039_0027_0051_0032.jpg 1 39 27 51 32
0182_0021_0039_0056_0035.jpg 1 21 39 56 35
0183_0011_0039_0068_0042.jpg 1 11 39 68 42
0184_0007_0041_0065_0041.jpg 1 7 41 65 41
0185_0024_0031_0052_0032.jpg 1 24 31 52 32
0186_0029_0038_0060_0038.jpg 1 29 38 60 38
0187_0031_0028_0053_0033.jpg 1 31 28 53 33
0188_0012_0030_0061_0038.jpg 1 12 30 61 38
0189_0006_0006_0066_0041.jpg 1 6 6 66 41
0190_0043_0058_0048_0030.jpg 1 43 58 48 30
0191_0034_0050_0049_0030.jpg 1 34 50 49 30
0192_0013_0012_0066_0041.jpg 1 13 12 66 41
0193_0003_0008_0068_0042.jpg 1 3 8 68 42
0194_0023_0043_0060_0037.jpg 1 23 43 60 37
0195_0014_0007_0064_0040.jpg 1 14 7 64 40
0196_0018_0018_0063_0039.jpg 1 18 18 63 39
0197_0020_0016_0056_0035.jpg 1 20 16 56 35
0198_0010_0007_0052_0032.jpg 1 10 7 52 32
0199_0023_0018_0054_0033.jpg 1 23 18 54 33
0200_0013_0022_0059_0036.jpg 1 13 22 59 36
0201_0026_0016_0060_0038.jpg 1 26 16 60 38
0202_0019_0039_0059_0036.jpg 1 19 39 59 36
0203_0020_0021_0059_0036.jpg 1 20 21 59 36
0204_0018_0040_0067_0041.jpg 1 18 40 67 41
0205_0029_0048_0059_0036.jpg 1 29 48 59 36
0206_0031_0038_0061_0038.jpg 1 31 38 61 38
0207_0006_0037_0067_0042.jpg 1 6 37 67 42
0208_0005_0015_0062_0039.jpg 1 5 15 62 39
0209_0028_0027_0065_0041.jpg 1 28 27 65 41
0210_0029_0053_0055_0034.jpg 1 29 53 55 34
0211_0035_0026_0060_0037.jpg 1 35 26 60 37
0212_0021_0036_0048_0030.jpg 1 21 36 48 30
0213_0027_0020_0066_0041.jpg 1 27 20 66 41
0214_0022_0010_0058_0036.jpg 1 22 10 58 36
0215_0037_0043_0054_0033.jpg 1 37 43 54 33
0216_0016_0044_0067_0042.jpg 1 16 44 67 42
0217_0006_0010_0057_0035.jpg 1 6 10 57 35
0218_0026_0026_0055_0034.jpg 1 26 26 55 34
0219_0020_0042_0062_0038.jpg 1 20 42 62 38
0220_0005_0030_0054_0034.jpg 1 5 30 54 34
0221_0013_0027_0068_0042.jpg 1 13 27 68 42
0222_0010_0031_0066_0041.jpg 1 10 31 66 41
0223_0033_0012_0056_0035.jpg 1 33 12 56 35
0224_0019_0034_0068_0042.jpg 1 19 34 68 42
0225_0006_0028_0063_0039.jpg 1 6 28 63 39
0226_0020_0015_0067_0042.jpg 1 20 15 67 42
0227_0013_0035_0061_0038.jpg 1 13 35 61 38
0228_0009_0016_0065_0040.jpg 1 9 16 65 40
0229_0036_0026_0049_0030.jpg 1 36 26 49 30
0230_0026_0044_0054_0034.jpg 1 26 44 54 34
0231_0011_0028_0068_0042.jpg 1 11 28 68 42
0232_0006_0046_0068_0042.jpg 1 6 46 68 42
0233_0032_0048_0051_0031.jpg 1 32 48 51 31
0234_0020_0012_0052_0033.jpg 1 20 12 52 33
0235_0025_0052_0065_0040.jpg 1 25 52 65 40
0236_0016_0042_0058_0036.jpg 1 16 42 58 36
0237_0032_0017_0064_0040.jpg 1 32 17 64 40
0238_0007_0016_0053_0033.jpg 1 7 16 53 33
0239_0008_0040_0066_0041.jpg 1 8 40 66 41
0240_0030_0032_0053_0033.jpg 1 30 32 53 33
0241_0018_0052_0065_0040.jpg 1 18 52 65 40
0242_0027_0009_0063_0039.jpg 1 27 9 63 39
0243_0013_0015_0064_0040.jpg 1 13 15 64 40
0244_0019_0055_0059_0036.jpg 1 19 55 59 36
0245_0015_0015_0067_0041.jpg 1 15 15 67 41
0246_0016_0039_0066_0041.jpg 1 16 39 66 41
0247_0015_0019_0062_0039.jpg 1 15 19 62 39
0248_0041_0047_0053_0033.jpg 1 41 47 53 33
0249_0010_0042_0069_0043.jpg 1 10 42 69 43
0250_0028_0039_0054_0034.jpg 1 28 39 54 34
0251_0018_0012_0051_0032.jpg 1 18 12 51 32
0252_0041_0016_0051_0031.jpg 1 41 16 51 31
0253_0011_0006_0060_0037.jpg 1 11 6 60 37
0254_0017_0020_0068_0042.jpg 1 17 20 68 42
0255_0029_0006_0067_0041.jpg 1 29 6 67 41
0256_0010_0028_0069_0043.jpg 1 10 28 69 43
