0001_0031_0025_0059_0037.jpg 1 31 25 59 37
0002_0025_0023_0053_0033.jpg 1 25 23 53 33
0003_0011_0048_0063_0039.jpg 1 11 48 63 39
0004_0005_0056_0058_0036.jpg 1 5 56 58 36
0005_0022_0033_0054_0033.jpg 1 22 33 54 33
0006_0033_0055_0056_0035.jpg 1 33 55 56 35
0007_0007_0029_0067_0042.jpg 1 7 29 67 42
0008_0028_0039_0049_0030.jpg 1 28 39 49 30
0009_0022_0038_0059_0037.jpg 1 22 38 59 37
0010_0009_0050_0065_0040.jpg 1 9 50 65 40
0011_0024_0010_0051_0032.jpg 1 24 10 51 32
0012_0017_0009_0068_0042.jpg 1 17 9 68 42
0013_0009_0028_0053_0033.jpg 1 9 28 53 33
0014_0021_0034_0066_0041.jpg 1 21 34 66 41
0015_0006_0010_0063_0039.jpg 1 6 10 63 39
0016_0023_0040_0057_0035.jpg 1 23 40 57 35
0017_0020_0043_0051_0032.jpg 1 20 43 51 32
0018_0020_0038_0069_0043.jpg 1 20 38 69 43
0019_0014_0006_0055_0034.jpg 1 14 6 55 34
0020_0034_0020_0052_0032.jpg 1 34 20 52 32
0021_0017_0024_0053_0033.jpg 1 17 24 53 33
0022_0016_0042_0048_0030.jpg 1 16 42 48 30
0023_0017_0017_0060_0038.jpg 1 17 17 60 38
0024_0010_0052_0053_0033.jpg 1 10 52 53 33
0025_0029_0045_0066_0041.jpg 1 29 45 66 41
0026_0017_0036_0067_0041.jpg 1 17 36 67 41
0027_0024_0037_0066_0041.jpg 1 24 37 66 41
0028_0034_0061_0048_0030.jpg 1 34 61 48 30
0029_0036_0012_0051_0032.jpg 1 36 12 51 32
0030_0028_0029_0065_0041.jpg 1 28 29 65 41
0031_0021_0024_0053_0033.jpg 1 21 24 53 33
0032_0028_0016_0067_0042.jpg 1 28 16 67 42
0033_0012_0046_0058_0036.jpg 1 12 46 58 36
0034_0018_0013_0068_0042.jpg 1 18 13 68 42
0035_0021_0008_0056_0035.jpg 1 21 8 56 35
0036_0010_0008_0062_0039.jpg 1 10 8 62 39
0037_0011_0034_0059_0037.jpg 1 11 34 59 37
0038_0027_0022_0069_0043.jpg 1 27 22 69 43
0039_0016_0026_0069_0043.jpg 1 16 26 69 43
0040_0029_0036_0051_0032.jpg 1 29 36 51 32
0041_0008_0035_0050_0031.jpg 1 8 35 50 31
0042_0023_0042_0057_0035.jpg 1 23 42 57 35
0043_0013_0042_0061_0038.jpg 1 13 42 61 38
0044_0024_0034_0052_0032.jpg 1 24 34 52 32
0045_0013_0012_0061_0038.jpg 1 13 12 61 38
0046_0027_0053_0065_0040.jpg 1 27 53 65 40
0047_0009_0010_0048_0030.jpg 1 9 10 48 30
0048_0007_0024_0054_0034.jpg 1 7 24 54 34
0049_0035_0037_0060_0038.jpg 1 35 37 60 38
0050_0008_0015_0049_0030.jpg 1 8 15 49 30
0051_0005_0021_0067_0041.jpg 1 5 21 67 41
0052_0010_0039_0067_0042.jpg 1 10 39 67 42
0053_0038_0010_0050_0031.jpg 1 38 10 50 31
0054_0039_0042_0052_0032.jpg 1 39 42 52 32
0055_0027_0047_0068_0042.jpg 1 27 47 68 42
0056_0011_0043_0068_0042.jpg 1 11 43 68 42
0057_0033_0019_0054_0033.jpg 1 33 19 54 33
0058_0008_0041_0063_0039.jpg 1 8 41 63 39
0059_0018_0047_0068_0042.jpg 1 18 47 68 42
0060_0034_0022_0054_0034.jpg 1 34 22 54 34
0061_0035_0033_0052_0032.jpg 1 35 33 52 32
0062_0027_0009_0056_0035.jpg 1 27 9 56 35
0063_0040_0058_0053_0033.jpg 1 40 58 53 33
0064_0024_0047_0053_0033.jpg 1 24 47 53 33
0065_0023_0026_0048_0030.jpg 1 23 26 48 30
0066_0023_0017_0064_0040.jpg 1 23 17 64 40
0067_0011_0016_0060_0037.jpg 1 11 16 60 37
0068_0009_0047_0063_0039.jpg 1 9 47 63 39
0069_0027_0008_0066_0041.jpg 1 27 8 66 41
0070_0034_0027_0050_0031.jpg 1 34 27 50 31
0071_0014_0058_0052_0032.jpg 1 14 58 52 32
0072_0019_0010_0062_0039.jpg 1 19 10 62 39
0073_0016_0052_0062_0039.jpg 1 16 52 62 39
0074_0012_0041_0061_0038.jpg 1 12 41 61 38
0075_0012_0033_0060_0037.jpg 1 12 33 60 37
0076_0043_0019_0048_0030.jpg 1 43 19 48 30
0077_0026_0039_0063_0039.jpg 1 26 39 63 39
0078_0024_0058_0048_0030.jpg 1 24 58 48 30
0079_0036_0033_0050_0031.jpg 1 36 33 50 31
0080_0004_0025_0056_0035.jpg 1 4 25 56 35
0081_0024_0035_0049_0030.jpg 1 24 35 49 30
0082_0024_0044_0062_0038.jpg 1 24 44 62 38
0083_0035_0036_0055_0034.jpg 1 35 36 55 34
0084_0003_0006_0068_0042.jpg 1 3 6 68 42
0085_0009_0010_0059_0037.jpg 1 9 10 59 37
0086_0024_0016_0063_0039.jpg 1 24 16 63 39
0087_0028_0053_0063_0039.jpg 1 28 53 63 39
0088_0018_0012_0063_0039.jpg 1 18 12 63 39
0089_0019_0050_0066_0041.jpg 1 19 50 66 41
0090_0030_0006_0060_0037.jpg 1 30 6 60 37
0091_0012_0055_0052_0032.jpg 1 12 55 52 32
0092_0024_0031_0058_0036.jpg 1 24 31 58 36
0093_0034_0008_0052_0033.jpg 1 34 8 52 33
0094_0020_0036_0051_0032.jpg 1 20 36 51 32
0095_0014_0022_0066_0041.jpg 1 14 22 66 41
0096_0033_0014_0059_0036.jpg 1 33 14 59 36
0097_0019_0032_0052_0033.jpg 1 19 32 52 33
0098_0014_0010_0061_0038.jpg 1 14 10 61 38
0099_0021_0056_0053_0033.jpg 1 21 56 53 33
0100_0008_0036_0064_0040.jpg 1 8 36 64 40
0101_0022_0014_0065_0040.jpg 1 22 14 65 40
0102_0029_0038_0066_0041.jpg 1 29 38 66 41
0103_0024_0015_0061_0038.jpg 1 24 15 61 38
0104_0039_0030_0055_0034.jpg 1 39 30 55 34
0105_0028_0014_0052_0033.jpg 1 28 14 52 33
0106_0029_0047_0059_0037.jpg 1 29 47 59 37
0107_0020_0028_0055_0034.jpg 1 20 28 55 34
0108_0028_0031_0056_0035.jpg 1 28 31 56 35
0109_0020_0018_0062_0038.jpg 1 20 18 62 38
0110_0003_0042_0065_0040.jpg 1 3 42 65 40
0111_0032_0047_0058_0036.jpg 1 32 47 58 36
0112_0032_0050_0056_0035.jpg 1 32 50 56 35
0113_0019_0006_0059_0036.jpg 1 19 6 59 36
0114_0008_0041_0066_0041.jpg 1 8 41 66 41
0115_0022_0039_0054_0033.jpg 1 22 39 54 33
0116_0035_0031_0059_0037.jpg 1 35 31 59 37
0117_0004_0040_0066_0041.jpg 1 4 40 66 41
0118_0021_0025_0064_0040.jpg 1 21 25 64 40
0119_0023_0049_0062_0039.jpg 1 23 49 62 39
0120_0026_0011_0061_0038.jpg 1 26 11 61 38
0121_0020_0054_0050_0031.jpg 1 20 54 50 31
0122_0027_0021_0068_0043.jpg 1 27 21 68 43
0123_0027_0046_0067_0042.jpg 1 27 46 67 42
0124_0017_0012_0055_0034.jpg 1 17 12 55 34
0125_0005_0022_0050_0031.jpg 1 5 22 50 31
0126_0036_0029_0056_0035.jpg 1 36 29 56 35
0127_0005_0047_0055_0034.jpg 1 5 47 55 34
0128_0018_0042_0059_0036.jpg 1 18 42 59 36
0129_0019_0056_0058_0036.jpg 1 19 56 58 36
0130_0004_0025_0062_0039.jpg 1 4 25 62 39
0131_0035_0037_0055_0034.jpg 1 35 37 55 34
0132_0026_0032_0050_0031.jpg 1 26 32 50 31
0133_0010_0019_0050_0031.jpg 1 10 19 50 31
0134_0021_0025_0066_0041.jpg 1 21 25 66 41
0135_0013_0041_0051_0032.jpg 1 13 41 51 32
0136_0025_0034_0063_0039.jpg 1 25 34 63 39
0137_0016_0048_0068_0042.jpg 1 16 48 68 42
0138_0036_0055_0052_0032.jpg 1 36 55 52 32
0139_0009_0033_0060_0037.jpg 1 9 33 60 37
0140_0035_0035_0057_0035.jpg 1 35 35 57 35
0141_0036_0051_0057_0035.jpg 1 36 51 57 35
0142_0032_0048_0058_0036.jpg 1 32 48 58 36
0143_0027_0021_0068_0042.jpg 1 27 21 68 42
0144_0033_0012_0051_0032.jpg 1 33 12 51 32
0145_0015_0015_0069_0043.jpg 1 15 15 69 43
0146_0024_0045_0065_0040.jpg 1 24 45 65 40
0147_0007_0010_0068_0042.jpg 1 7 10 68 42
0148_0021_0051_0057_0036.jpg 1 21 51 57 36
0149_0011_0028_0057_0035.jpg 1 11 28 57 35
0150_0022_0034_0058_0036.jpg 1 22 34 58 36
0151_0021_0027_0065_0040.jpg 1 21 27 65 40
0152_0010_0045_0063_0039.jpg 1 10 45 63 39
0153_0005_0035_0060_0037.jpg 1 5 35 60 37
0154_0021_0010_0062_0038.jpg 1 21 10 62 38
0155_0013_0014_0063_0039.jpg 1 13 14 63 39
0156_0018_0044_0060_0037.jpg 1 18 44 60 37
0157_0025_0013_0066_0041.jpg 1 25 13 66 41
0158_0006_0036_0050_0031.jpg 1 6 36 50 31
0159_0020_0049_0052_0032.jpg 1 20 49 52 32
0160_0027_0032_0065_0040.jpg 1 27 32 65 40
0161_0035_0006_0055_0034.jpg 1 35 6 55 34
0162_0028_0040_0053_0033.jpg 1 28 40 53 33
0163_0007_0013_0069_0043.jpg 1 7 13 69 43
0164_0027_0049_0062_0039.jpg 1 27 49 62 39
0165_0033_0016_0053_0033.jpg 1 33 16 53 33
0166_0003_0009_0066_0041.jpg 1 3 9 66 41
0167_0012_0009_0058_0036.jpg 1 12 9 58 36
0168_0005_0036_0063_0039.jpg 1 5 36 63 39
0169_0009_0037_0057_0035.jpg 1 9 37 57 35
0170_0009_0054_0059_0037.jpg 1 9 54 59 37
0171_0005_0039_0060_0037.jpg 1 5 39 60 37
0172_0010_0013_0053_0033.jpg 1 10 13 53 33
0173_0006_0052_0053_0033.jpg 1 6 52 53 33
0174_0016_0019_0054_0033.jpg 1 16 19 54 33
0175_0023_0031_0069_0043.jpg 1 23 31 69 43
0176_0008_0012_0057_0036.jpg 1 8 12 57 36
0177_0026_0031_0057_0035.jpg 1 26 31 57 35
0178_0007_0028_0053_0033.jpg 1 7 28 53 33
0179_0014_0053_0062_0039.jpg 1 14 53 62 39
0180_0014_0025_0066_0041.jpg 1 14 25 66 41
0181_0027_0012_0064_0040.jpg 1 27 12 64 40
0182_0028_0021_0057_0035.jpg 1 28 21 57 35
0183_0009_0046_0066_0041.jpg 1 9 46 66 41
0184_0036_0044_0056_0035.jpg 1 36 44 56 35
0185_0006_0057_0048_0030.jpg 1 6 57 48 30
0186_0014_0037_0057_0035.jpg 1 14 37 57 35
0187_0018_0007_0054_0033.jpg 1 18 7 54 33
0188_0014_0051_0067_0042.jpg 1 14 51 67 42
0189_0010_0027_0063_0039.jpg 1 10 27 63 39
0190_0026_0018_0068_0042.jpg 1 26 18 68 42
0191_0025_0038_0067_0042.jpg 1 25 38 67 42
0192_0004_0012_0056_0035.jpg 1 4 12 56 35
0193_0009_0037_0053_0033.jpg 1 9 37 53 33
0194_0040_0049_0053_0033.jpg 1 40 49 53 33
0195_0012_0046_0067_0042.jpg 1 12 46 67 42
0196_0031_0037_0057_0035.jpg 1 31 37 57 35
0197_0020_0029_0066_0041.jpg 1 20 29 66 41
0198_0017_0030_0068_0043.jpg 1 17 30 68 43
0199_0038_0041_0057_0036.jpg 1 38 41 57 36
0200_0029_0014_0059_0037.jpg 1 29 14 59 37
0201_0034_0028_0057_0035.jpg 1 34 28 57 35
0202_0012_0013_0049_0030.jpg 1 12 13 49 30
0203_0040_0023_0053_0033.jpg 1 40 23 53 33
0204_0045_0041_0049_0030.jpg 1 45 41 49 30
0205_0016_0048_0069_0043.jpg 1 16 48 69 43
0206_0021_0012_0050_0031.jpg 1 21 12 50 31
0207_0040_0030_0050_0031.jpg 1 40 30 50 31
0208_0014_0048_0066_0041.jpg 1 14 48 66 41
0209_0016_0006_0059_0037.jpg 1 16 6 59 37
0210_0034_0011_0048_0030.jpg 1 34 11 48 30
0211_0021_0012_0061_0038.jpg 1 21 12 61 38
0212_0018_0037_0067_0042.jpg 1 18 37 67 42
0213_0005_0007_0069_0043.jpg 1 5 7 69 43
0214_0024_0023_0061_0038.jpg 1 24 23 61 38
0215_0013_0045_0068_0042.jpg 1 13 45 68 42
0216_0019_0044_0054_0033.jpg 1 19 44 54 33
0217_0010_0034_0066_0041.jpg 1 10 34 66 41
0218_0031_0037_0053_0033.jpg 1 31 37 53 33
0219_0008_0047_0052_0033.jpg 1 8 47 52 33
0220_0031_0047_0051_0032.jpg 1 31 47 51 32
0221_0040_0055_0054_0034.jpg 1 40 55 54 34
0222_0005_0057_0050_0031.jpg 1 5 57 50 31
0223_0018_0059_0052_0032.jpg 1 18 59 52 32
0224_0029_0058_0055_0034.jpg 1 29 58 55 34
0225_0014_0016_0052_0032.jpg 1 14 16 52 32
0226_0036_0034_0054_0033.jpg 1 36 34 54 33
0227_0007_0052_0063_0039.jpg 1 7 52 63 39
0228_0014_0042_0048_0030.jpg 1 14 42 48 30
0229_0022_0044_0050_0031.jpg 1 22 44 50 31
0230_0012_0025_0061_0038.jpg 1 12 25 61 38
0231_0005_0021_0057_0035.jpg 1 5 21 57 35
0232_0024_0014_0049_0030.jpg 1 24 14 49 30
0233_0010_0022_0050_0031.jpg 1 10 22 50 31
0234_0003_0050_0064_0040.jpg 1 3 50 64 40
0235_0009_0038_0069_0043.jpg 1 9 38 69 43
0236_0038_0036_0054_0034.jpg 1 38 36 54 34
0237_0036_0047_0050_0031.jpg 1 36 47 50 31
0238_0004_0028_0067_0042.jpg 1 4 28 67 42
0239_0010_0038_0059_0037.jpg 1 10 38 59 37
0240_0036_0015_0059_0037.jpg 1 36 15 59 37
0241_0036_0022_0057_0036.jpg 1 36 22 57 36
0242_0014_0026_0048_0030.jpg 1 14 26 48 30
0243_0027_0032_0061_0038.jpg 1 27 32 61 38
0244_0009_0008_0049_0030.jpg 1 9 8 49 30
0245_0012_0038_0053_0033.jpg 1 12 38 53 33
0246_0021_0044_0059_0037.jpg 1 21 44 59 37
0247_0019_0034_0055_0034.jpg 1 19 34 55 34
0248_0025_0036_0065_0040.jpg 1 25 36 65 40
0249_0005_0054_0048_0030.jpg 1 5 54 48 30
0250_0028_0053_0060_0038.jpg 1 28 53 60 38
0251_0022_0024_0048_0030.jpg 1 22 24 48 30
0252_0010_0028_0057_0035.jpg 1 10 28 57 35
0253_0037_0008_0051_0032.jpg 1 37 8 51 32
0254_0009_0040_0064_0040.jpg 1 9 40 64 40
0255_0004_0039_0065_0040.jpg 1 4 39 65 40
0256_0008_0055_0056_0035.jpg 1 8 55 56 35
