0001_0020_0035_0058_0036.jpg 1 20 35 58 36
0002_0030_0037_0057_0036.jpg 1 30 37 57 36
0003_0045_0028_0049_0030.jpg 1 45 28 49 30
0004_0029_0010_0059_0036.jpg 1 29 10 59 36
0005_0006_0014_0056_0035.jpg 1 6 14 56 35
0006_0042_0048_0050_0031.jpg 1 42 48 50 31
0007_0033_0030_0050_0031.jpg 1 33 30 50 31
0008_0037_0056_0055_0034.jpg 1 37 56 55 34
0009_0028_0028_0065_0040.jpg 1 28 28 65 40
0010_0005_0026_0068_0042.jpg 1 5 26 68 42
0011_0007_0031_0056_0035.jpg 1 7 31 56 35
0012_0010_0031_0060_0037.jpg 1 10 31 60 37
0013_0029_0041_0058_0036.jpg 1 29 41 58 36
0014_0014_0020_0058_0036.jpg 1 14 20 58 36
0015_0028_0043_0066_0041.jpg 1 28 43 66 41
0016_0030_0046_0066_0041.jpg 1 30 46 66 41
0017_0011_0061_0050_0031.jpg 1 11 61 50 31
0018_0011_0016_0063_0039.jpg 1 11 16 63 39
0019_0007_0020_0069_0043.jpg 1 7 20 69 43
0020_0023_0040_0069_0043.jpg 1 23 40 69 43
0021_0006_0026_0058_0036.jpg 1 6 26 58 36
0022_0021_0015_0059_0037.jpg 1 21 15 59 37
0023_0015_0051_0048_0030.jpg 1 15 51 48 30
0024_0011_0010_0063_0039.jpg 1 11 10 63 39
0025_0026_0029_0058_0036.jpg 1 26 29 58 36
0026_0006_0014_0067_0042.jpg 1 6 14 67 42
0027_0028_0006_0065_0040.jpg 1 28 6 65 40
0028_0024_0048_0062_0038.jpg 1 24 48 62 38
0029_0036_0056_0053_0033.jpg 1 36 56 53 33
0030_0004_0039_0064_0040.jpg 1 4 39 64 40
0031_0013_0031_0068_0042.jpg 1 13 31 68 42
0032_0008_0017_0066_0041.jpg 1 8 17 66 41
0033_0016_0018_0056_0035.jpg 1 16 18 56 35
0034_0033_0046_0049_0030.jpg 1 33 46 49 30
0035_0038_0059_0055_0034.jpg 1 38 59 55 34
0036_0009_0015_0065_0040.jpg 1 9 15 65 40
0037_0019_0016_0051_0032.jpg 1 19 16 51 32
0038_0015_0035_0069_0043.jpg 1 15 35 69 43
0039_0016_0015_0068_0042.jpg 1 16 15 68 42
0040_0004_0038_0063_0039.jpg 1 4 38 63 39
0041_0020_0051_0064_0040.jpg 1 20 51 64 40
0042_0012_0048_0069_0043.jpg 1 12 48 69 43
0043_0010_0053_0050_0031.jpg 1 10 53 50 31
0044_0040_0056_0051_0032.jpg 1 40 56 51 32
0045_0025_0047_0052_0032.jpg 1 25 47 52 32
0046_0018_0008_0056_0035.jpg 1 18 8 56 35
0047_0016_0019_0066_0041.jpg 1 16 19 66 41
0048_0020_0020_0057_0036.jpg 1 20 20 57 36
0049_0009_0056_0055_0034.jpg 1 9 56 55 34
0050_0022_0006_0060_0037.jpg 1 22 6 60 37
0051_0034_0031_0048_0030.jpg 1 34 31 48 30
0052_0015_0038_0063_0039.jpg 1 15 38 63 39
0053_0020_0023_0068_0042.jpg 1 20 23 68 42
0054_0017_0018_0067_0042.jpg 1 17 18 67 42
0055_0003_0042_0068_0042.jpg 1 3 42 68 42
0056_0007_0015_0052_0032.jpg 1 7 15 52 32
0057_0022_0027_0048_0030.jpg 1 22 27 48 30
0058_0013_0017_0051_0032.jpg 1 13 17 51 32
0059_0017_0009_0063_0039.jpg 1 17 9 63 39
0060_0044_0034_0050_0031.jpg 1 44 34 50 31
0061_0017_0040_0064_0040.jpg 1 17 40 64 40
0062_0018_0010_0052_0032.jpg 1 18 10 52 32
0063_0035_0047_0056_0035.jpg 1 35 47 56 35
0064_0017_0006_0056_0035.jpg 1 17 6 56 35
0065_0034_0033_0061_0038.jpg 1 34 33 61 38
0066_0034_0021_0053_0033.jpg 1 34 21 53 33
0067_0042_0023_0052_0033.jpg 1 42 23 52 33
0068_0018_0021_0049_0030.jpg 1 18 21 49 30
0069_0027_0039_0056_0035.jpg 1 27 39 56 35
0070_0027_0046_0065_0040.jpg 1 27 46 65 40
0071_0024_0035_0052_0032.jpg 1 24 35 52 32
0072_0027_0026_0063_0039.jpg 1 27 26 63 39
0073_0015_0013_0069_0043.jpg 1 15 13 69 43
0074_0038_0046_0054_0033.jpg 1 38 46 54 33
0075_0013_0014_0069_0043.jpg 1 13 14 69 43
0076_0014_0018_0062_0039.jpg 1 14 18 62 39
0077_0012_0047_0064_0040.jpg 1 12 47 64 40
0078_0023_0042_0057_0036.jpg 1 23 42 57 36
0079_0010_0010_0063_0039.jpg 1 10 10 63 39
0080_0010_0039_0052_0032.jpg 1 10 39 52 32
0081_0012_0018_0062_0039.jpg 1 12 18 62 39
0082_0027_0035_0063_0039.jpg 1 27 35 63 39
0083_0015_0050_0063_0039.jpg 1 15 50 63 39
0084_0014_0028_0068_0042.jpg 1 14 28 68 42
0085_0011_0007_0062_0039.jpg 1 11 7 62 39
0086_0011_0017_0064_0040.jpg 1 11 17 64 40
0087_0024_0036_0051_0032.jpg 1 24 36 51 32
0088_0025_0047_0056_0035.jpg 1 25 47 56 35
0089_0030_0037_0064_0040.jpg 1 30 37 64 40
0090_0025_0041_0064_0040.jpg 1 25 41 64 40
0091_0031_0036_0063_0039.jpg 1 31 36 63 39
0092_0022_0027_0049_0030.jpg 1 22 27 49 30
0093_0007_0028_0059_0036.jpg 1 7 28 59 36
0094_0036_0007_0054_0033.jpg 1 36 7 54 33
0095_0029_0018_0065_0040.jpg 1 29 18 65 40
0096_0005_0015_0050_0031.jpg 1 5 15 50 31
0097_0029_0030_0049_0030.jpg 1 29 30 49 30
0098_0027_0031_0053_0033.jpg 1 27 31 53 33
0099_0014_0056_0060_0037.jpg 1 14 56 60 37
0100_0027_0040_0066_0041.jpg 1 27 40 66 41
0101_0020_0008_0063_0039.jpg 1 20 8 63 39
0102_0027_0056_0049_0031.jpg 1 27 56 49 31
0103_0024_0011_0066_0041.jpg 1 24 11 66 41
0104_0006_0010_0069_0043.jpg 1 6 10 69 43
0105_0031_0031_0050_0031.jpg 1 31 31 50 31
0106_0026_0047_0062_0038.jpg 1 26 47 62 38
0107_0018_0048_0058_0036.jpg 1 18 48 58 36
0108_0016_0031_0055_0034.jpg 1 16 31 55 34
0109_0005_0033_0053_0033.jpg 1 5 33 53 33
0110_0020_0038_0049_0030.jpg 1 20 38 49 30
0111_0026_0025_0067_0042.jpg 1 26 25 67 42
0112_0008_0022_0064_0040.jpg 1 8 22 64 40
0113_0010_0030_0053_0033.jpg 1 10 30 53 33
0114_0016_0042_0054_0033.jpg 1 16 42 54 33
0115_0014_0026_0067_0042.jpg 1 14 26 67 42
0116_0006_0006_0058_0036.jpg 1 6 6 58 36
0117_0006_0038_0069_0043.jpg 1 6 38 69 43
0118_0025_0016_0061_0038.jpg 1 25 16 61 38
0119_0037_0015_0051_0031.jpg 1 37 15 51 31
0120_0020_0031_0069_0043.jpg 1 20 31 69 43
0121_0009_0011_0061_0038.jpg 1 9 11 61 38
0122_0018_0038_0058_0036.jpg 1 18 38 58 36
0123_0013_0034_0068_0042.jpg 1 13 34 68 42
0124_0021_0009_0061_0038.jpg 1 21 9 61 38
0125_0034_0047_0049_0031.jpg 1 34 47 49 31
0126_0025_0013_0058_0036.jpg 1 25 13 58 36
0127_0012_0027_0051_0032.jpg 1 12 27 51 32
0128_0020_0047_0068_0042.jpg 1 20 47 68 42
