0001_0010_0038_0066_0041.jpg 1 10 38 66 41
0002_0013_0047_0067_0042.jpg 1 13 47 67 42
0003_0005_0056_0057_0035.jpg 1 5 56 57 35
0004_0021_0047_0068_0042.jpg 1 21 47 68 42
0005_0003_0027_0069_0043.jpg 1 3 27 69 43
0006_0027_0054_0061_0038.jpg 1 27 54 61 38
0007_0009_0021_0069_0043.jpg 1 9 21 69 43
0008_0005_0020_0058_0036.jpg 1 5 20 58 36
0009_0006_0013_0060_0037.jpg 1 6 13 60 37
0010_0025_0032_0050_0031.jpg 1 25 32 50 31
0011_0038_0025_0053_0033.jpg 1 38 25 53 33
0012_0009_0020_0065_0040.jpg 1 9 20 65 40
0013_0007_0052_0060_0038.jpg 1 7 52 60 38
0014_0013_0057_0055_0034.jpg 1 13 57 55 34
0015_0027_0031_0057_0035.jpg 1 27 31 57 35
0016_0029_0012_0065_0041.jpg 1 29 12 65 41
0017_0019_0048_0059_0037.jpg 1 19 48 59 37
0018_0009_0052_0059_0037.jpg 1 9 52 59 37
0019_0026_0010_0062_0039.jpg 1 26 10 62 39
0020_0024_0030_0050_0031.jpg 1 24 30 50 31
0021_0006_0045_0051_0032.jpg 1 6 45 51 32
0022_0028_0029_0063_0039.jpg 1 28 29 63 39
0023_0031_0052_0050_0031.jpg 1 31 52 50 31
0024_0021_0042_0064_0040.jpg 1 21 42 64 40
0025_0012_0030_0051_0032.jpg 1 12 30 51 32
0026_0018_0046_0069_0043.jpg 1 18 46 69 43
0027_0009_0039_0068_0042.jpg 1 9 39 68 42
0028_0013_0031_0059_0037.jpg 1 13 31 59 37
0029_0014_0053_0061_0038.jpg 1 14 53 61 38
0030_0028_0041_0060_0037.jpg 1 28 41 60 37
0031_0034_0039_0051_0032.jpg 1 34 39 51 32
0032_0006_0031_0060_0037.jpg 1 6 31 60 37
0033_0019_0049_0050_0031.jpg 1 19 49 50 31
0034_0025_0055_0051_0031.jpg 1 25 55 51 31
0035_0035_0016_0060_0037.jpg 1 35 16 60 37
0036_0017_0018_0058_0036.jpg 1 17 18 58 36
0037_0025_0046_0065_0040.jpg 1 25 46 65 40
0038_0009_0049_0051_0032.jpg 1 9 49 51 32
0039_0009_0029_0058_0036.jpg 1 9 29 58 36
0040_0018_0046_0060_0037.jpg 1 18 46 60 37
0041_0031_0017_0060_0037.jpg 1 31 17 60 37
0042_0008_0021_0069_0043.jpg 1 8 21 69 43
0043_0012_0030_0058_0036.jpg 1 12 30 58 36
0044_0015_0026_0053_0033.jpg 1 15 26 53 33
0045_0023_0049_0067_0042.jpg 1 23 49 67 42
0046_0032_0029_0057_0036.jpg 1 32 29 57 36
0047_0009_0027_0066_0041.jpg 1 9 27 66 41
0048_0017_0017_0067_0042.jpg 1 17 17 67 42
0049_0005_0042_0064_0040.jpg 1 5 42 64 40
0050_0034_0045_0060_0037.jpg 1 34 45 60 37
0051_0019_0032_0052_0032.jpg 1 19 32 52 32
0052_0016_0034_0064_0040.jpg 1 16 34 64 40
0053_0018_0022_0050_0031.jpg 1 18 22 50 31
0054_0017_0055_0053_0033.jpg 1 17 55 53 33
0055_0006_0046_0059_0037.jpg 1 6 46 59 37
0056_0017_0019_0065_0040.jpg 1 17 19 65 40
0057_0024_0026_0067_0042.jpg 1 24 26 67 42
0058_0028_0038_0055_0034.jpg 1 28 38 55 34
0059_0018_0026_0067_0041.jpg 1 18 26 67 41
0060_0025_0052_0050_0031.jpg 1 25 52 50 31
0061_0012_0014_0069_0043.jpg 1 12 14 69 43
0062_0023_0025_0066_0041.jpg 1 23 25 66 41
0063_0027_0016_0066_0041.jpg 1 27 16 66 41
0064_0035_0042_0060_0038.jpg 1 35 42 60 38
0065_0011_0061_0050_0031.jpg 1 11 61 50 31
0066_0007_0030_0067_0042.jpg 1 7 30 67 42
0067_0005_0049_0068_0042.jpg 1 5 49 68 42
0068_0024_0057_0049_0031.jpg 1 24 57 49 31
0069_0022_0020_0062_0038.jpg 1 22 20 62 38
0070_0008_0012_0063_0039.jpg 1 8 12 63 39
0071_0021_0053_0060_0037.jpg 1 21 53 60 37
0072_0034_0050_0060_0037.jpg 1 34 50 60 37
0073_0023_0036_0060_0037.jpg 1 23 36 60 37
0074_0039_0045_0056_0035.jpg 1 39 45 56 35
0075_0005_0032_0065_0041.jpg 1 5 32 65 41
0076_0010_0045_0064_0040.jpg 1 10 45 64 40
0077_0003_0024_0068_0043.jpg 1 3 24 68 43
0078_0024_0044_0068_0043.jpg 1 24 44 68 43
0079_0019_0011_0064_0040.jpg 1 19 11 64 40
0080_0032_0042_0063_0039.jpg 1 32 42 63 39
0081_0005_0015_0061_0038.jpg 1 5 15 61 38
0082_0014_0046_0065_0040.jpg 1 14 46 65 40
0083_0014_0034_0051_0032.jpg 1 14 34 51 32
0084_0039_0048_0049_0030.jpg 1 39 48 49 30
0085_0018_0009_0049_0030.jpg 1 18 9 49 30
0086_0034_0006_0049_0031.jpg 1 34 6 49 31
0087_0021_0054_0056_0035.jpg 1 21 54 56 35
0088_0010_0050_0066_0041.jpg 1 10 50 66 41
0089_0009_0023_0062_0039.jpg 1 9 23 62 39
0090_0031_0007_0062_0039.jpg 1 31 7 62 39
0091_0005_0050_0055_0034.jpg 1 5 50 55 34
0092_0023_0010_0050_0031.jpg 1 23 10 50 31
0093_0020_0044_0064_0040.jpg 1 20 44 64 40
0094_0012_0056_0054_0033.jpg 1 12 56 54 33
0095_0004_0043_0068_0042.jpg 1 4 43 68 42
0096_0020_0017_0063_0039.jpg 1 20 17 63 39
0097_0020_0043_0067_0042.jpg 1 20 43 67 42
0098_0023_0044_0066_0041.jpg 1 23 44 66 41
0099_0006_0060_0054_0033.jpg 1 6 60 54 33
0100_0020_0038_0067_0042.jpg 1 20 38 67 42
0101_0009_0025_0066_0041.jpg 1 9 25 66 41
0102_0022_0028_0062_0039.jpg 1 22 28 62 39
0103_0005_0055_0061_0038.jpg 1 5 55 61 38
0104_0009_0013_0067_0042.jpg 1 9 13 67 42
0105_0023_0025_0067_0041.jpg 1 23 25 67 41
0106_0025_0048_0051_0032.jpg 1 25 48 51 32
0107_0031_0031_0062_0039.jpg 1 31 31 62 39
0108_0022_0033_0063_0039.jpg 1 22 33 63 39
0109_0013_0031_0061_0038.jpg 1 13 31 61 38
0110_0023_0047_0052_0032.jpg 1 23 47 52 32
0111_0023_0053_0057_0035.jpg 1 23 53 57 35
0112_0031_0016_0063_0039.jpg 1 31 16 63 39
0113_0011_0014_0065_0041.jpg 1 11 14 65 41
0114_0026_0030_0052_0032.jpg 1 26 30 52 32
0115_0035_0048_0050_0031.jpg 1 35 48 50 31
0116_0027_0018_0065_0041.jpg 1 27 18 65 41
0117_0022_0047_0055_0034.jpg 1 22 47 55 34
0118_0005_0015_0068_0043.jpg 1 5 15 68 43
0119_0042_0045_0049_0031.jpg 1 42 45 49 31
0120_0003_0008_0062_0039.jpg 1 3 8 62 39
0121_0019_0023_0066_0041.jpg 1 19 23 66 41
0122_0032_0012_0060_0037.jpg 1 32 12 60 37
0123_0015_0042_0056_0035.jpg 1 15 42 56 35
0124_0010_0012_0052_0032.jpg 1 10 12 52 32
0125_0017_0027_0053_0033.jpg 1 17 27 53 33
0126_0004_0031_0063_0039.jpg 1 4 31 63 39
0127_0026_0033_0058_0036.jpg 1 26 33 58 36
0128_0021_0024_0066_0041.jpg 1 21 24 66 41
