0001_0035_0026_0048_0030.jpg 1 35 26 48 30
0002_0033_0023_0059_0037.jpg 1 33 23 59 37
0003_0006_0048_0050_0031.jpg 1 6 48 50 31
0004_0013_0017_0061_0038.jpg 1 13 17 61 38
0005_0022_0040_0057_0035.jpg 1 22 40 57 35
0006_0005_0049_0065_0040.jpg 1 5 49 65 40
0007_0009_0033_0055_0034.jpg 1 9 33 55 34
0008_0009_0012_0061_0038.jpg 1 9 12 61 38
0009_0005_0051_0052_0032.jpg 1 5 51 52 32
0010_0004_0055_0056_0035.jpg 1 4 55 56 35
0011_0017_0024_0054_0034.jpg 1 17 24 54 34
0012_0010_0048_0061_0038.jpg 1 10 48 61 38
0013_0031_0055_0062_0038.jpg 1 31 55 62 38
0014_0007_0043_0067_0042.jpg 1 7 43 67 42
0015_0004_0007_0063_0039.jpg 1 4 7 63 39
0016_0004_0017_0069_0043.jpg 1 4 17 69 43
0017_0040_0030_0049_0031.jpg 1 40 30 49 31
0018_0007_0007_0052_0032.jpg 1 7 7 52 32
0019_0023_0044_0054_0034.jpg 1 23 44 54 34
0020_0015_0049_0052_0032.jpg 1 15 49 52 32
0021_0029_0007_0057_0036.jpg 1 29 7 57 36
0022_0007_0009_0056_0035.jpg 1 7 9 56 35
0023_0036_0044_0059_0036.jpg 1 36 44 59 36
0024_0021_0026_0064_0040.jpg 1 21 26 64 40
0025_0025_0061_0049_0030.jpg 1 25 61 49 30
0026_0019_0040_0061_0038.jpg 1 19 40 61 38
0027_0008_0013_0066_0041.jpg 1 8 13 66 41
0028_0003_0012_0068_0042.jpg 1 3 12 68 42
0029_0033_0022_0055_0034.jpg 1 33 22 55 34
0030_0029_0020_0054_0033.jpg 1 29 20 54 33
0031_0039_0046_0056_0035.jpg 1 39 46 56 35
0032_0035_0048_0060_0038.jpg 1 35 48 60 38
0033_0015_0041_0059_0037.jpg 1 15 41 59 37
0034_0024_0051_0064_0040.jpg 1 24 51 64 40
0035_0031_0046_0064_0040.jpg 1 31 46 64 40
0036_0007_0051_0057_0035.jpg 1 7 51 57 35
0037_0028_0043_0058_0036.jpg 1 28 43 58 36
0038_0012_0057_0052_0032.jpg 1 12 57 52 32
0039_0016_0014_0056_0035.jpg 1 16 14 56 35
0040_0035_0012_0057_0035.jpg 1 35 12 57 35
0041_0025_0025_0050_0031.jpg 1 25 25 50 31
0042_0034_0007_0050_0031.jpg 1 34 7 50 31
0043_0032_0044_0051_0032.jpg 1 32 44 51 32
0044_0028_0034_0062_0039.jpg 1 28 34 62 39
0045_0006_0037_0068_0042.jpg 1 6 37 68 42
0046_0014_0015_0056_0035.jpg 1 14 15 56 35
0047_0036_0034_0050_0031.jpg 1 36 34 50 31
0048_0023_0039_0064_0040.jpg 1 23 39 64 40
0049_0039_0047_0055_0034.jpg 1 39 47 55 34
0050_0025_0011_0050_0031.jpg 1 25 11 50 31
0051_0013_0047_0065_0041.jpg 1 13 47 65 41
0052_0017_0033_0064_0040.jpg 1 17 33 64 40
0053_0019_0012_0065_0040.jpg 1 19 12 65 40
0054_0037_0015_0051_0032.jpg 1 37 15 51 32
0055_0043_0033_0049_0030.jpg 1 43 33 49 30
0056_0029_0034_0066_0041.jpg 1 29 34 66 41
0057_0007_0042_0065_0040.jpg 1 7 42 65 40
0058_0028_0036_0063_0039.jpg 1 28 36 63 39
0059_0042_0024_0050_0031.jpg 1 42 24 50 31
0060_0028_0058_0048_0030.jpg 1 28 58 48 30
0061_0031_0027_0058_0036.jpg 1 31 27 58 36
0062_0025_0032_0057_0035.jpg 1 25 32 57 35
0063_0039_0017_0053_0033.jpg 1 39 17 53 33
0064_0023_0022_0068_0042.jpg 1 23 22 68 42
0065_0036_0012_0050_0031.jpg 1 36 12 50 31
0066_0034_0049_0055_0034.jpg 1 34 49 55 34
0067_0034_0027_0057_0036.jpg 1 34 27 57 36
0068_0024_0020_0053_0033.jpg 1 24 20 53 33
0069_0007_0046_0059_0036.jpg 1 7 46 59 36
0070_0014_0042_0068_0042.jpg 1 14 42 68 42
0071_0020_0023_0067_0042.jpg 1 20 23 67 42
0072_0031_0045_0062_0039.jpg 1 31 45 62 39
0073_0021_0029_0054_0034.jpg 1 21 29 54 34
0074_0024_0048_0051_0032.jpg 1 24 48 51 32
0075_0010_0008_0065_0040.jpg 1 10 8 65 40
0076_0030_0018_0057_0035.jpg 1 30 18 57 35
0077_0020_0057_0057_0036.jpg 1 20 57 57 36
0078_0025_0045_0060_0037.jpg 1 25 45 60 37
0079_0020_0048_0061_0038.jpg 1 20 48 61 38
0080_0034_0017_0052_0032.jpg 1 34 17 52 32
0081_0007_0036_0063_0039.jpg 1 7 36 63 39
0082_0016_0040_0057_0036.jpg 1 16 40 57 36
0083_0021_0023_0066_0041.jpg 1 21 23 66 41
0084_0033_0014_0059_0037.jpg 1 33 14 59 37
0085_0036_0035_0056_0035.jpg 1 36 35 56 35
0086_0035_0059_0053_0033.jpg 1 35 59 53 33
0087_0009_0013_0059_0036.jpg 1 9 13 59 36
0088_0033_0014_0049_0031.jpg 1 33 14 49 31
0089_0012_0049_0058_0036.jpg 1 12 49 58 36
0090_0033_0032_0057_0036.jpg 1 33 32 57 36
0091_0026_0049_0062_0038.jpg 1 26 49 62 38
0092_0019_0024_0060_0037.jpg 1 19 24 60 37
0093_0034_0041_0060_0038.jpg 1 34 41 60 38
0094_0031_0008_0051_0031.jpg 1 31 8 51 31
0095_0036_0015_0059_0037.jpg 1 36 15 59 37
0096_0010_0016_0059_0037.jpg 1 10 16 59 37
0097_0019_0011_0064_0040.jpg 1 19 11 64 40
0098_0018_0013_0048_0030.jpg 1 18 13 48 30
0099_0016_0039_0054_0034.jpg 1 16 39 54 34
0100_0004_0044_0063_0039.jpg 1 4 44 63 39
0101_0012_0026_0058_0036.jpg 1 12 26 58 36
0102_0023_0011_0068_0043.jpg 1 23 11 68 43
0103_0030_0034_0053_0033.jpg 1 30 34 53 33
0104_0012_0026_0054_0034.jpg 1 12 26 54 34
0105_0014_0031_0055_0034.jpg 1 14 31 55 34
0106_0014_0052_0049_0030.jpg 1 14 52 49 30
0107_0015_0035_0069_0043.jpg 1 15 35 69 43
0108_0018_0022_0061_0038.jpg 1 18 22 61 38
0109_0015_0018_0055_0034.jpg 1 15 18 55 34
0110_0028_0048_0063_0039.jpg 1 28 48 63 39
0111_0025_0043_0061_0038.jpg 1 25 43 61 38
0112_0019_0011_0068_0042.jpg 1 19 11 68 42
0113_0028_0050_0053_0033.jpg 1 28 50 53 33
0114_0030_0049_0055_0034.jpg 1 30 49 55 34
0115_0034_0015_0061_0038.jpg 1 34 15 61 38
0116_0010_0033_0063_0039.jpg 1 10 33 63 39
0117_0032_0047_0063_0039.jpg 1 32 47 63 39
0118_0012_0043_0066_0041.jpg 1 12 43 66 41
0119_0009_0030_0069_0043.jpg 1 9 30 69 43
0120_0016_0038_0061_0038.jpg 1 16 38 61 38
0121_0020_0006_0069_0043.jpg 1 20 6 69 43
0122_0012_0040_0053_0033.jpg 1 12 40 53 33
0123_0007_0047_0067_0042.jpg 1 7 47 67 42
0124_0041_0059_0050_0031.jpg 1 41 59 50 31
0125_0022_0007_0057_0035.jpg 1 22 7 57 35
0126_0017_0025_0067_0042.jpg 1 17 25 67 42
0127_0012_0050_0068_0042.jpg 1 12 50 68 42
0128_0015_0013_0068_0042.jpg 1 15 13 68 42
