0001_0012_0048_0065_0040.jpg 1 12 48 65 40
0002_0014_0051_0067_0041.jpg 1 14 51 67 41
0003_0021_0041_0051_0032.jpg 1 21 41 51 32
0004_0031_0047_0063_0039.jpg 1 31 47 63 39
0005_0018_0021_0059_0037.jpg 1 18 21 59 37
0006_0010_0037_0066_0041.jpg 1 10 37 66 41
0007_0005_0056_0056_0035.jpg 1 5 56 56 35
0008_0006_0007_0068_0042.jpg 1 6 7 68 42
0009_0013_0020_0068_0042.jpg 1 13 20 68 42
0010_0015_0029_0055_0034.jpg 1 15 29 55 34
0011_0024_0053_0058_0036.jpg 1 24 53 58 36
0012_0020_0019_0053_0033.jpg 1 20 19 53 33
0013_0027_0020_0061_0038.jpg 1 27 20 61 38
0014_0023_0007_0063_0039.jpg 1 23 7 63 39
0015_0035_0014_0058_0036.jpg 1 35 14 58 36
0016_0029_0036_0062_0038.jpg 1 29 36 62 38
0017_0015_0024_0053_0033.jpg 1 15 24 53 33
0018_0023_0055_0059_0037.jpg 1 23 55 59 37
0019_0004_0045_0061_0038.jpg 1 4 45 61 38
0020_0017_0052_0058_0036.jpg 1 17 52 58 36
0021_0022_0007_0061_0038.jpg 1 22 7 61 38
0022_0015_0020_0062_0038.jpg 1 15 20 62 38
0023_0016_0006_0066_0041.jpg 1 16 6 66 41
0024_0032_0010_0059_0037.jpg 1 32 10 59 37
0025_0007_0012_0061_0038.jpg 1 7 12 61 38
0026_0018_0023_0067_0042.jpg 1 18 23 67 42
0027_0006_0046_0067_0041.jpg 1 6 46 67 41
0028_0022_0062_0048_0030.jpg 1 22 62 48 30
0029_0010_0018_0065_0040.jpg 1 10 18 65 40
0030_0012_0042_0065_0041.jpg 1 12 42 65 41
0031_0031_0030_0053_0033.jpg 1 31 30 53 33
0032_0031_0015_0061_0038.jpg 1 31 15 61 38
0033_0025_0047_0048_0030.jpg 1 25 47 48 30
0034_0033_0061_0049_0030.jpg 1 33 61 49 30
0035_0031_0009_0056_0035.jpg 1 31 9 56 35
0036_0026_0019_0062_0039.jpg 1 26 19 62 39
0037_0043_0011_0048_0030.jpg 1 43 11 48 30
0038_0023_0045_0068_0042.jpg 1 23 45 68 42
0039_0022_0020_0066_0041.jpg 1 22 20 66 41
0040_0008_0035_0051_0032.jpg 1 8 35 51 32
0041_0024_0017_0063_0039.jpg 1 24 17 63 39
0042_0009_0013_0066_0041.jpg 1 9 13 66 41
0043_0014_0055_0048_0030.jpg 1 14 55 48 30
0044_0007_0029_0055_0034.jpg 1 7 29 55 34
0045_0009_0057_0050_0031.jpg 1 9 57 50 31
0046_0013_0008_0060_0037.jpg 1 13 8 60 37
0047_0009_0051_0056_0035.jpg 1 9 51 56 35
0048_0007_0059_0054_0033.jpg 1 7 59 54 33
0049_0007_0025_0058_0036.jpg 1 7 25 58 36
0050_0021_0026_0059_0037.jpg 1 21 26 59 37
0051_0029_0032_0064_0040.jpg 1 29 32 64 40
0052_0020_0046_0067_0042.jpg 1 20 46 67 42
0053_0009_0012_0063_0039.jpg 1 9 12 63 39
0054_0025_0033_0067_0041.jpg 1 25 33 67 41
0055_0004_0043_0058_0036.jpg 1 4 43 58 36
0056_0020_0008_0061_0038.jpg 1 20 8 61 38
0057_0018_0017_0062_0039.jpg 1 18 17 62 39
0058_0012_0013_0059_0037.jpg 1 12 13 59 37
0059_0007_0033_0069_0043.jpg 1 7 33 69 43
0060_0019_0011_0064_0040.jpg 1 19 11 64 40
0061_0016_0044_0067_0042.jpg 1 16 44 67 42
0062_0003_0030_0061_0038.jpg 1 3 30 61 38
0063_0023_0023_0063_0039.jpg 1 23 23 63 39
0064_0006_0042_0055_0034.jpg 1 6 42 55 34
0065_0021_0036_0050_0031.jpg 1 21 36 50 31
0066_0015_0038_0067_0042.jpg 1 15 38 67 42
0067_0003_0006_0065_0040.jpg 1 3 6 65 40
0068_0034_0037_0050_0031.jpg 1 34 37 50 31
0069_0004_0012_0060_0037.jpg 1 4 12 60 37
0070_0008_0033_0053_0033.jpg 1 8 33 53 33
0071_0016_0051_0056_0035.jpg 1 16 51 56 35
0072_0025_0008_0068_0043.jpg 1 25 8 68 43
0073_0020_0025_0054_0034.jpg 1 20 25 54 34
0074_0044_0058_0050_0031.jpg 1 44 58 50 31
0075_0009_0022_0069_0043.jpg 1 9 22 69 43
0076_0016_0060_0052_0032.jpg 1 16 60 52 32
0077_0011_0013_0048_0030.jpg 1 11 13 48 30
0078_0024_0049_0050_0031.jpg 1 24 49 50 31
0079_0022_0024_0048_0030.jpg 1 22 24 48 30
0080_0033_0032_0050_0031.jpg 1 33 32 50 31
0081_0017_0038_0069_0043.jpg 1 17 38 69 43
0082_0023_0019_0065_0040.jpg 1 23 19 65 40
0083_0028_0025_0065_0040.jpg 1 28 25 65 40
0084_0033_0052_0048_0030.jpg 1 33 52 48 30
0085_0038_0011_0054_0033.jpg 1 38 11 54 33
0086_0032_0046_0061_0038.jpg 1 32 46 61 38
0087_0028_0028_0059_0037.jpg 1 28 28 59 37
0088_0026_0035_0054_0033.jpg 1 26 35 54 33
0089_0011_0043_0067_0042.jpg 1 11 43 67 42
0090_0014_0009_0066_0041.jpg 1 14 9 66 41
0091_0009_0016_0066_0041.jpg 1 9 16 66 41
0092_0013_0040_0068_0043.jpg 1 13 40 68 43
0093_0031_0041_0061_0038.jpg 1 31 41 61 38
0094_0014_0014_0055_0034.jpg 1 14 14 55 34
0095_0004_0017_0068_0042.jpg 1 4 17 68 42
0096_0019_0042_0055_0034.jpg 1 19 42 55 34
0097_0022_0025_0058_0036.jpg 1 22 25 58 36
0098_0019_0035_0064_0040.jpg 1 19 35 64 40
0099_0012_0048_0065_0041.jpg 1 12 48 65 41
0100_0017_0020_0069_0043.jpg 1 17 20 69 43
0101_0029_0009_0064_0040.jpg 1 29 9 64 40
0102_0028_0040_0067_0042.jpg 1 28 40 67 42
0103_0030_0039_0064_0040.jpg 1 30 39 64 40
0104_0025_0036_0069_0043.jpg 1 25 36 69 43
0105_0023_0043_0049_0030.jpg 1 23 43 49 30
0106_0015_0020_0056_0035.jpg 1 15 20 56 35
0107_0004_0046_0066_0041.jpg 1 4 46 66 41
0108_0005_0029_0056_0035.jpg 1 5 29 56 35
0109_0045_0055_0049_0030.jpg 1 45 55 49 30
0110_0024_0055_0056_0035.jpg 1 24 55 56 35
0111_0023_0011_0059_0037.jpg 1 23 11 59 37
0112_0011_0014_0054_0034.jpg 1 11 14 54 34
0113_0013_0018_0051_0031.jpg 1 13 18 51 31
0114_0005_0012_0069_0043.jpg 1 5 12 69 43
0115_0017_0034_0063_0039.jpg 1 17 34 63 39
0116_0023_0016_0058_0036.jpg 1 23 16 58 36
0117_0022_0037_0049_0030.jpg 1 22 37 49 30
0118_0022_0048_0060_0037.jpg 1 22 48 60 37
0119_0030_0058_0055_0034.jpg 1 30 58 55 34
0120_0033_0037_0050_0031.jpg 1 33 37 50 31
0121_0019_0014_0060_0037.jpg 1 19 14 60 37
0122_0017_0031_0069_0043.jpg 1 17 31 69 43
0123_0017_0043_0057_0036.jpg 1 17 43 57 36
0124_0012_0020_0048_0030.jpg 1 12 20 48 30
0125_0036_0053_0053_0033.jpg 1 36 53 53 33
0126_0042_0040_0048_0030.jpg 1 42 40 48 30
0127_0031_0050_0054_0034.jpg 1 31 50 54 34
0128_0007_0056_0057_0035.jpg 1 7 56 57 35
